
0.533523 0.000000 -0.845785 0.000000 1.000000 0.000000 0.845785 0.000000 0.533523 10.500502 1.053428 15.086023 
0.525194 0.000444 -0.850977 0.000024 0.999995 0.000537 0.850981 -0.000301 0.525197 11.270298 1.046576 15.495875 
0.513823 0.001915 -0.857888 -0.001392 0.999993 0.001398 0.857894 0.000477 0.513839 12.163702 1.051951 15.923908 
0.505964 0.005248 -0.862536 -0.005576 0.999978 0.002813 0.862539 0.003388 0.505997 13.095627 1.082448 16.370736 
0.494562 0.007850 -0.869105 -0.008373 0.999948 0.004267 0.869104 0.005168 0.494615 14.129604 1.100908 16.759378 
0.489437 0.009367 -0.871982 -0.008236 0.999939 0.006119 0.871994 0.004188 0.489498 15.157822 1.086576 17.274559 
0.484533 0.008376 -0.874729 -0.003929 0.999958 0.007398 0.874768 -0.000148 0.484553 15.230760 1.018119 17.114912 
0.482054 0.004713 -0.876122 0.003004 0.999970 0.007032 0.876135 -0.006021 0.482032 15.316605 0.940183 16.988642 
0.465781 0.002994 -0.884889 0.005442 0.999964 0.006247 0.884879 -0.007724 0.465765 15.750769 0.920005 17.185359 
0.465137 0.000695 -0.885226 0.004153 0.999983 0.002967 0.885228 -0.005055 0.465140 16.987177 0.986419 18.056193 
0.458171 0.000650 -0.888858 0.002874 0.999989 0.002213 0.888856 -0.003569 0.458174 18.465492 1.017455 18.857443 
0.467208 0.000767 -0.884147 0.003425 0.999987 0.002677 0.884143 -0.004279 0.467202 19.082301 1.001376 19.226628 
0.471148 -0.000628 -0.882048 0.004864 0.999981 0.001885 0.882038 -0.005178 0.471151 19.871418 0.981851 19.523634 
0.461894 -0.003912 -0.886927 0.006469 0.999979 -0.001041 0.886912 -0.005255 0.461919 20.706359 0.983453 20.031951 
0.452964 -0.006750 -0.891501 0.008156 0.999952 -0.003428 0.891492 -0.005717 0.453007 21.615011 0.975732 20.519860 
0.463349 -0.006587 -0.886144 0.007169 0.999965 -0.003685 0.886146 -0.004644 0.463393 22.748351 0.996953 21.194646 
0.468833 -0.005420 -0.883273 0.005003 0.999978 -0.003480 0.883273 -0.002787 0.468854 24.101403 1.038767 21.783215 
0.479500 -0.003366 -0.877527 0.002779 0.999987 -0.002317 0.877531 -0.001327 0.479515 25.435567 1.070910 22.505724 
0.471295 -0.001489 -0.881966 0.001241 0.999995 -0.001026 0.881972 -0.000609 0.471313 26.719797 1.086902 23.028727 
0.472015 0.001044 -0.881589 -0.000608 0.999997 0.000858 0.881593 0.000132 0.472020 27.926811 1.104203 23.710560 
0.476474 0.004610 -0.879173 -0.002619 0.999986 0.003825 0.879184 0.000481 0.476487 28.844051 1.108678 24.155031 
0.482955 0.008676 -0.875599 -0.003841 0.999959 0.007789 0.875637 -0.000397 0.482982 29.841257 1.085036 24.657607 
0.471835 0.010688 -0.881615 -0.004117 0.999934 0.009918 0.881679 -0.001049 0.471856 30.843559 1.066711 25.167041 
0.464424 0.010815 -0.885544 -0.004070 0.999938 0.010078 0.885598 -0.001075 0.464452 31.834204 1.066039 25.761793 
0.459443 0.011736 -0.888127 -0.004590 0.999924 0.010838 0.888199 -0.000902 0.459470 32.674704 1.067116 26.092330 
0.460181 0.014416 -0.887703 -0.005461 0.999893 0.013407 0.887807 -0.001321 0.460219 33.395500 1.058880 26.532923 
0.464793 0.017645 -0.885238 -0.005934 0.999840 0.016813 0.885391 -0.002561 0.464835 34.010434 1.026643 26.864481 
