
0.533523 0.000000 0.845785 0.000000 1.000000 0.000000 -0.845785 0.000000 0.533523 10.500502 1.053428 15.086023 
0.592607 -0.000446 0.805491 0.000024 0.999995 0.000537 -0.805490 -0.000299 0.592603 11.270298 1.046576 15.495875 
0.651311 -0.000153 0.758821 -0.001392 0.999993 0.001398 -0.758808 -0.001967 0.651301 12.163702 1.051951 15.923908 
0.703381 0.001924 0.710825 -0.005576 0.999978 0.002813 -0.710795 -0.005943 0.703369 13.095627 1.082448 16.370736 
0.754563 0.003519 0.656228 -0.008373 0.999948 0.004267 -0.656176 -0.008715 0.754553 14.129604 1.100908 16.759378 
0.802024 0.002952 0.597286 -0.008236 0.999939 0.006119 -0.597227 -0.009826 0.802004 15.157822 1.086576 17.274559 
0.851489 -0.000534 0.524383 -0.003929 0.999958 0.007398 -0.524364 -0.008360 0.851449 15.230760 1.018119 17.114912 
0.893062 -0.005846 0.449899 0.003004 0.999970 0.007032 -0.449920 -0.004929 0.893049 15.316605 0.940183 16.988642 
0.923254 -0.007423 0.384125 0.005442 0.999964 0.006247 -0.384142 -0.003678 0.923262 15.750769 0.920005 17.185359 
0.955434 -0.004842 0.295175 0.004153 0.999983 0.002967 -0.295172 -0.001609 0.955433 16.987177 0.986419 18.056193 
0.980481 -0.003253 0.196583 0.002874 0.999989 0.002213 -0.196580 -0.001605 0.980483 18.465492 1.017455 18.857443 
0.996251 -0.003644 0.086461 0.003425 0.999987 0.002677 -0.086468 -0.002371 0.996252 19.082301 1.001376 19.226628 
0.999523 -0.004803 -0.030439 0.004864 0.999981 0.001885 0.030436 -0.002032 0.999533 19.871418 0.981851 19.523634 
0.992377 -0.006547 -0.123057 0.006469 0.999979 -0.001041 0.123069 0.000238 0.992404 20.706359 0.983453 20.031951 
0.976752 -0.008699 -0.214195 0.008156 0.999952 -0.003428 0.214222 0.001601 0.976785 21.615011 0.975732 20.519860 
0.945510 -0.007977 -0.325481 0.007169 0.999965 -0.003685 0.325514 0.001152 0.945540 22.748351 0.996953 21.194646 
0.899252 -0.006021 -0.437390 0.005003 0.999978 -0.003480 0.437403 0.000942 0.899269 24.101403 1.038767 21.783215 
0.843003 -0.003589 -0.537880 0.002779 0.999987 -0.002317 0.537891 0.000459 0.843014 25.435567 1.070910 22.505724 
0.785620 -0.001609 -0.618691 0.001241 0.999995 -0.001026 0.618704 0.000039 0.785634 26.719797 1.086902 23.028727 
0.727515 0.001032 -0.686089 -0.000608 0.999997 0.000858 0.686095 -0.000206 0.727519 27.926811 1.104203 23.710560 
0.669783 0.004594 -0.742537 -0.002619 0.999986 0.003825 0.742551 -0.000616 0.669793 28.844051 1.108678 24.155031 
0.609528 0.008516 -0.792713 -0.003841 0.999959 0.007789 0.792756 -0.001701 0.609549 29.841257 1.085036 24.657607 
0.575754 0.010480 -0.817549 -0.004117 0.999934 0.009918 0.817615 -0.002344 0.575767 30.843559 1.066711 25.167041 
0.544553 0.010669 -0.838654 -0.004070 0.999938 0.010078 0.838711 -0.002074 0.544576 31.834204 1.066039 25.761793 
0.514956 0.011655 -0.857135 -0.004590 0.999924 0.010838 0.857208 -0.001646 0.514978 32.674704 1.067116 26.092330 
0.490360 0.014362 -0.871397 -0.005461 0.999893 0.013407 0.871501 -0.001815 0.490394 33.395500 1.058880 26.532923 
0.469723 0.017631 -0.882632 -0.005934 0.999840 0.016813 0.882786 -0.002659 0.469763 34.010434 1.026643 26.864481 
