
0.533523 0.000000 0.845785 -0.000000 1.000000 0.000000 -0.845785 0.000000 0.533523 10.500502 1.053428 15.086023 
0.563756 0.000959 0.825946 -0.000047 1.000000 -0.001129 -0.825946 0.000598 0.563756 10.730875 1.057061 16.071616 
0.594693 0.002047 0.803951 0.001248 0.999990 -0.003469 -0.803949 0.003066 0.594690 11.033978 1.067804 17.134358 
0.625249 0.003790 0.780417 0.001202 0.999980 -0.005819 -0.780428 0.004577 0.625231 11.426704 1.101717 18.174184 
0.655814 0.004864 0.754904 0.002416 0.999960 -0.008542 -0.754913 0.007425 0.655778 11.853081 1.126884 19.177606 
0.690804 0.003066 0.723035 0.004669 0.999950 -0.008702 -0.723031 0.009387 0.690753 12.339492 1.100787 20.373278 
0.729241 0.000249 0.684259 0.006823 0.999950 -0.007636 -0.684223 0.010238 0.729204 11.904751 1.044184 20.682648 
0.766543 -0.002572 0.642188 0.007302 0.999960 -0.004711 -0.642151 0.008301 0.766534 11.565743 0.988908 20.995720 
0.795537 -0.004994 0.605884 0.008491 0.999960 -0.002907 -0.605847 0.007457 0.795545 11.544179 0.950219 21.707717 
0.834660 -0.006448 0.550732 0.009482 0.999950 -0.002663 -0.550684 0.007444 0.834672 12.072312 0.950586 23.229104 
0.871023 -0.006148 0.491203 0.008455 0.999960 -0.002477 -0.491177 0.006311 0.871041 12.697220 0.972710 24.768556 
0.911122 -0.007915 0.412061 0.008732 0.999960 -0.000100 -0.412053 0.003689 0.911153 12.776801 0.929311 25.657286 
0.944595 -0.012815 0.327975 0.012232 0.999920 0.003838 -0.327996 0.000386 0.944677 12.935767 0.816151 26.461724 
0.967067 -0.017919 0.253887 0.015845 0.999820 0.010214 -0.254032 -0.005854 0.967178 13.253253 0.663379 27.469911 
0.983625 -0.019739 0.179161 0.017452 0.999740 0.014336 -0.179395 -0.010974 0.983714 13.605721 0.567948 28.432925 
0.996676 -0.018440 0.079406 0.017195 0.999720 0.016343 -0.079683 -0.014923 0.996710 14.088990 0.520883 29.652640 
0.999492 -0.017539 -0.026819 0.018049 0.999660 0.018896 0.026484 -0.019371 0.999464 14.786339 0.437257 30.885507 
0.991331 -0.016703 -0.130318 0.019610 0.999590 0.021064 0.129905 -0.023437 0.991251 15.445029 0.340972 32.196129 
0.976596 -0.014750 -0.214574 0.019832 0.999570 0.021553 0.214159 -0.025304 0.976469 16.045186 0.299114 33.275685 
0.953704 -0.011095 -0.300548 0.018839 0.999560 0.022880 0.300169 -0.027482 0.953492 16.827105 0.251432 34.383835 
0.925648 -0.004590 -0.378371 0.015483 0.999550 0.025752 0.378087 -0.029695 0.925299 17.465741 0.208468 35.059615 
0.889370 0.000924 -0.457195 0.013429 0.999510 0.028143 0.457001 -0.031169 0.888923 18.279000 0.155008 35.689154 
0.862686 0.002787 -0.505726 0.014246 0.999450 0.029809 0.505534 -0.032920 0.862177 19.212253 0.082690 36.241943 
0.829927 0.000861 -0.557881 0.018719 0.999390 0.029391 0.557566 -0.034836 0.829401 20.367117 0.001098 36.704038 
0.795633 -0.003873 -0.605768 0.025016 0.999340 0.026467 0.605264 -0.036212 0.795199 21.412652 -0.048327 36.734557 
0.757793 -0.004251 -0.652476 0.026985 0.999330 0.024830 0.651939 -0.036423 0.757402 22.512624 -0.068536 36.699575 
0.715918 -0.002043 -0.698178 0.024568 0.999450 0.022268 0.697757 -0.033094 0.715569 23.677521 0.014277 36.355835 
