
1.000000 0.000000 0.000000 0.000000 1.000000 0.000000 0.000000 0.000000 1.000000 -0.000000 0.000000 0.000000 
0.999172 -0.000001 -0.040659 0.000024 0.999995 0.000537 0.040663 -0.000537 0.999170 -0.002650 -0.001051 0.572433 
0.996402 0.001507 -0.084720 -0.001392 0.999993 0.001398 0.084736 -0.001274 0.996406 0.024909 -0.003140 1.202302 
0.992207 0.005884 -0.124471 -0.005576 0.999978 0.002813 0.124498 -0.002096 0.992224 0.076471 -0.011433 1.771892 
0.985748 0.008972 -0.167991 -0.008373 0.999948 0.004267 0.168032 -0.002799 0.985781 0.159743 -0.020677 2.385506 
0.978070 0.009329 -0.208037 -0.008236 0.999939 0.006119 0.208091 -0.004271 0.978100 0.256996 -0.019639 2.945217 
0.967281 0.005677 -0.253651 -0.003929 0.999958 0.007398 0.253692 -0.006159 0.967266 0.386030 -0.008967 3.554132 
0.955166 -0.000787 -0.296058 0.003004 0.999970 0.007032 0.296052 -0.007606 0.955141 0.526573 0.007879 4.114711 
0.940722 -0.003000 -0.339142 0.005442 0.999964 0.006247 0.339123 -0.007722 0.940717 0.696417 0.011061 4.672284 
0.923494 -0.002696 -0.383585 0.004153 0.999983 0.002967 0.383588 -0.004332 0.923496 0.893953 0.012291 5.229172 
0.901096 -0.001630 -0.433604 0.002874 0.999989 0.002213 0.433605 -0.003240 0.901100 1.145069 0.006401 5.842247 
0.878038 -0.001726 -0.478592 0.003425 0.999987 0.002677 0.478584 -0.003990 0.878035 1.402473 0.002325 6.385585 
0.849720 -0.003138 -0.527215 0.004864 0.999981 0.001885 0.527207 -0.004166 0.849728 1.722146 -0.004501 6.980956 
0.821334 -0.005907 -0.570413 0.006469 0.999979 -0.001041 0.570411 -0.002834 0.821364 2.042476 -0.013290 7.511959 
0.791009 -0.008547 -0.611741 0.008156 0.999952 -0.003428 0.611751 -0.002277 0.791051 2.396700 -0.020959 8.031764 
0.758154 -0.007838 -0.652016 0.007169 0.999965 -0.003685 0.652035 -0.001879 0.758195 2.781466 -0.025781 8.532517 
0.719454 -0.006016 -0.694515 0.005003 0.999978 -0.003480 0.694523 -0.000970 0.719474 3.238510 -0.029219 9.065518 
0.682710 -0.003590 -0.730669 0.002779 0.999987 -0.002317 0.730677 -0.000448 0.682723 3.685371 -0.036500 9.530914 
0.642095 -0.001583 -0.766611 0.001241 0.999995 -0.001026 0.766621 -0.000291 0.642112 4.207963 -0.043779 10.025665 
0.607678 0.001052 -0.794181 -0.000608 0.999997 0.000858 0.794186 -0.000037 0.607683 4.714674 -0.051523 10.452601 
0.577185 0.004635 -0.816595 -0.002619 0.999986 0.003825 0.816607 -0.000068 0.577197 5.246661 -0.059207 10.862743 
0.547811 0.008621 -0.836553 -0.003841 0.999959 0.007789 0.836593 -0.001052 0.547835 5.858996 -0.063825 11.297559 
0.524773 0.010604 -0.851170 -0.004117 0.999934 0.009918 0.851234 -0.001700 0.524790 6.437558 -0.064913 11.682072 
0.505033 0.010754 -0.863030 -0.004070 0.999938 0.010078 0.863085 -0.001576 0.505058 7.037294 -0.065830 12.062155 
0.487446 0.011702 -0.873072 -0.004590 0.999924 0.010838 0.873145 -0.001274 0.487470 7.721156 -0.069719 12.466409 
0.475340 0.014391 -0.879679 -0.005461 0.999893 0.013407 0.879783 -0.001568 0.475377 8.363382 -0.065025 12.828944 
0.467260 0.017638 -0.883938 -0.005934 0.999840 0.016813 0.884092 -0.002610 0.467301 9.025875 -0.062140 13.186729 
