
1.000000 0.000000 0.000000 -0.000000 1.000000 0.000000 0.000000 0.000000 1.000000 0.000000 0.000000 0.000000 
0.999990 0.000041 -0.005305 -0.000047 1.000000 -0.001129 0.005305 0.001130 0.999990 -0.007299 -0.016628 0.760570 
0.999920 -0.001291 -0.012407 0.001248 0.999990 -0.003469 0.012411 0.003454 0.999920 -0.010587 -0.031134 1.578200 
0.999800 -0.001319 -0.020109 0.001202 0.999980 -0.005819 0.020116 0.005794 0.999780 -0.003063 -0.039223 2.303700 
0.999570 -0.002663 -0.029052 0.002416 0.999960 -0.008542 0.029074 0.008468 0.999540 0.009298 -0.048524 3.011000 
0.999130 -0.005026 -0.041458 0.004669 0.999950 -0.008702 0.041499 0.008501 0.999100 0.031110 -0.057398 3.767600 
0.998470 -0.007232 -0.054828 0.006823 0.999950 -0.007636 0.054880 0.007251 0.998470 0.063026 -0.068171 4.439200 
0.997530 -0.007613 -0.069822 0.007302 0.999960 -0.004711 0.069855 0.004190 0.997550 0.104380 -0.069588 5.093900 
0.995970 -0.008717 -0.089277 0.008491 0.999960 -0.002907 0.089299 0.002137 0.996000 0.153100 -0.068342 5.794300 
0.993900 -0.009717 -0.109850 0.009482 0.999950 -0.002663 0.109880 0.001605 0.993940 0.204270 -0.060681 6.418500 
0.991150 -0.008709 -0.132500 0.008455 0.999960 -0.002477 0.132510 0.001335 0.991180 0.265080 -0.055801 7.026100 
0.987050 -0.008635 -0.160210 0.008732 0.999960 -0.000100 0.160200 -0.001300 0.987080 0.351440 -0.057992 7.682400 
0.981800 -0.011283 -0.189560 0.012232 0.999920 0.003838 0.189500 -0.006087 0.981860 0.444460 -0.059554 8.271500 
0.974280 -0.013142 -0.224970 0.015845 0.999820 0.010214 0.224790 -0.013515 0.974310 0.560230 -0.050472 8.910500 
0.965730 -0.013141 -0.259220 0.017452 0.999740 0.014336 0.258970 -0.018368 0.965710 0.689020 -0.045705 9.483800 
0.955510 -0.011616 -0.294740 0.017195 0.999720 0.016343 0.294470 -0.020684 0.955440 0.841390 -0.050291 10.051000 
0.942090 -0.010673 -0.335200 0.018049 0.999660 0.018896 0.334890 -0.023852 0.941960 1.036100 -0.060734 10.666000 
0.927860 -0.010348 -0.372790 0.019610 0.999590 0.021064 0.372410 -0.026855 0.927680 1.227600 -0.076146 11.212000 
0.911950 -0.009249 -0.410200 0.019832 0.999570 0.021553 0.409820 -0.027790 0.911740 1.438300 -0.092542 11.744000 
0.893000 -0.006529 -0.450010 0.018839 0.999560 0.022880 0.449670 -0.028909 0.892730 1.698400 -0.111830 12.318000 
0.874390 -0.001043 -0.485230 0.015483 0.999550 0.025752 0.484990 -0.030030 0.874010 1.958200 -0.135950 12.827000 
0.852250 0.003279 -0.523130 0.013429 0.999510 0.028143 0.522970 -0.031010 0.851790 2.263800 -0.162530 13.365000 
0.830220 0.004791 -0.557410 0.014246 0.999450 0.029809 0.557250 -0.032689 0.829700 2.562500 -0.177530 13.848000 
0.803150 0.002477 -0.595780 0.018719 0.999390 0.029391 0.595490 -0.034758 0.802610 2.909200 -0.184550 14.365000 
0.775990 -0.002720 -0.630740 0.025016 0.999340 0.026467 0.630250 -0.036317 0.775540 3.248700 -0.184220 14.833000 
0.746500 -0.003626 -0.665370 0.026985 0.999330 0.024830 0.664840 -0.036491 0.746100 3.614000 -0.197770 15.287000 
0.713970 -0.001951 -0.700170 0.024568 0.999450 0.022268 0.699750 -0.033100 0.713620 4.004700 -0.213540 15.730000 
