1 1.95158e-18 -2.77555e-17 -1.95158e-18 1 1.30103e-18 2.77555e-17 -1.30103e-18 1 1.1642e-10 -7.276e-12 -3.4925e-10 1 
0.999876 -0.000338533 -0.0157296 0.000412293 0.999989 0.00468623 0.0157279 -0.00469214 0.999865 0.00226785 -0.012034 0.334396 1 
0.99961 -0.000262433 -0.0279396 0.000695228 0.99988 0.0154818 0.0279322 -0.0154952 0.99949 0.0106744 -0.0308691 0.643082 1 
0.999186 0.00343405 -0.040187 -0.00248002 0.999714 0.0237655 0.0402572 -0.0236465 0.99891 0.0318999 -0.0566617 0.964119 1 
0.998527 0.00403271 -0.0541111 -0.00271194 0.999697 0.0244597 0.0541933 -0.024277 0.998235 0.0550487 -0.0803384 1.30831 1 
0.997763 0.00505529 -0.0666572 -0.00356488 0.999741 0.0224593 0.0667535 -0.0221715 0.997523 0.0480447 -0.0951754 1.60558 1 
0.996856 0.00269361 -0.0791855 -0.00101793 0.999775 0.0211942 0.0792247 -0.021047 0.996635 0.0315096 -0.0996393 1.88118 1 
0.995697 0.00379184 -0.0925947 -0.00215169 0.999839 0.0178066 0.0926474 -0.0175307 0.995545 0.00762799 -0.097212 2.18829 1 
0.99454 0.0057595 -0.104197 -0.0042359 0.999881 0.0148376 0.10427 -0.0143152 0.994446 -0.0100754 -0.106538 2.45011 1 
0.993245 0.0100799 -0.115598 -0.00850206 0.999864 0.0141339 0.115725 -0.0130556 0.993195 -0.0295463 -0.115027 2.73452 1 
0.991717 0.00817824 -0.128179 -0.0072417 0.999944 0.00777083 0.128236 -0.00677823 0.991721 -0.062627 -0.118071 3.0447 1 
0.990132 0.00590785 -0.140012 -0.00497256 0.999963 0.00702892 0.140048 -0.00626335 0.990125 -0.0807542 -0.115774 3.34668 1 
0.988531 0.00375371 -0.15097 -0.00197716 0.999927 0.0119159 0.151003 -0.0114808 0.988467 -0.0970505 -0.12044 3.654 1 
0.986599 0.00425498 -0.163107 -0.00175225 0.999879 0.0154849 0.163153 -0.0149916 0.986487 -0.111384 -0.141789 3.99581 1 
0.984599 0.00269012 -0.174808 -0.000183553 0.999897 0.0143536 0.174828 -0.0141004 0.984498 -0.141617 -0.158891 4.29179 1 
0.982482 0.00210853 -0.186347 0.000351677 0.999913 0.0131682 0.186359 -0.0130031 0.982396 -0.176711 -0.181367 4.57882 1 
0.980226 0.00595447 -0.197792 -0.00252362 0.999842 0.0175933 0.197865 -0.0167462 0.980086 -0.219185 -0.201907 4.91642 1 
0.978024 0.00698208 -0.208377 -0.00429569 0.999902 0.0133417 0.208449 -0.0121534 0.977958 -0.253554 -0.21971 5.2287 1 
0.97563 0.0056798 -0.21935 -0.0046049 0.999975 0.00541135 0.219375 -0.00426939 0.975631 -0.296173 -0.23204 5.53921 1 
0.972998 0.00259352 -0.2308 -0.00285224 0.999996 -0.000787335 0.230797 0.00142437 0.973001 -0.348247 -0.247579 5.84411 1 
0.96982 -0.00508489 -0.243769 0.00343599 0.999968 -0.0071889 0.243798 0.00613435 0.969807 -0.414754 -0.257779 6.17651 1 
0.966895 -0.0057439 -0.255108 0.00458009 0.999976 -0.00515583 0.255132 0.00381673 0.966899 -0.481601 -0.260184 6.48277 1 
0.963515 -0.00229854 -0.267646 0.00241237 0.999997 9.64963e-05 0.267645 -0.000738638 0.963517 -0.562139 -0.267324 6.82167 1 
0.960285 0.0009619 -0.27902 0.000434572 0.999988 0.00494303 0.279021 -0.00486797 0.960273 -0.644879 -0.291043 7.12737 1 
0.956943 0.000732552 -0.290276 0.000362639 0.999993 0.00371912 0.290277 -0.00366425 0.956936 -0.728125 -0.30858 7.43469 1 
0.953699 0.00109987 -0.30076 0.000195605 0.999991 0.00427719 0.300762 -0.00413798 0.95369 -0.814899 -0.321791 7.74849 1 
0.949466 0.00823832 -0.313761 -0.00408722 0.999895 0.0138857 0.313842 -0.0119016 0.949401 -0.913532 -0.348192 8.08818 1 
0.945723 0.0111487 -0.324782 -0.00424098 0.99975 0.0219691 0.324946 -0.0193993 0.945534 -1.00566 -0.371666 8.39675 1 
0.942147 0.00633866 -0.33514 0.0018289 0.999709 0.0240493 0.335195 -0.0232709 0.941861 -1.09779 -0.381491 8.70738 1 
0.937661 6.80049e-05 -0.347552 0.00790687 0.999737 0.0215275 0.347463 -0.0229336 0.937413 -1.20509 -0.38896 9.04019 1 
0.933477 -0.00245299 -0.35863 0.0104026 0.999741 0.0202387 0.358487 -0.0226231 0.93326 -1.3092 -0.386389 9.34189 1 
0.928675 0.00419514 -0.370871 0.00299606 0.999819 0.0188118 0.370882 -0.0185812 0.928494 -1.43868 -0.386182 9.66918 1 
0.923895 0.0079471 -0.382563 -0.00132847 0.999845 0.0175618 0.382643 -0.0157171 0.923762 -1.5604 -0.387269 9.9725 1 
0.918877 0.00523859 -0.394509 0.0020077 0.999837 0.0179529 0.394539 -0.0172885 0.918717 -1.67762 -0.383406 10.294 1 
0.913967 0.00100812 -0.405788 0.00779015 0.999769 0.0200297 0.405715 -0.0214677 0.913748 -1.80341 -0.385367 10.618 1 
0.908266 0.00105359 -0.418391 0.00970302 0.999675 0.0235812 0.41828 -0.0254777 0.907961 -1.95649 -0.3854 10.979 1 
0.902238 0.00571901 -0.4312 0.00663445 0.99961 0.0271397 0.431187 -0.0273473 0.901848 -2.10401 -0.385196 11.312 1 
0.896123 0.00562172 -0.44377 0.00681393 0.999628 0.0264231 0.443753 -0.0267021 0.895751 -2.25621 -0.373597 11.657 1 
0.888967 0.00409901 -0.457952 0.00737389 0.999702 0.0232621 0.457911 -0.0240561 0.888672 -2.4324 -0.349549 12.046 1 
0.882162 0.00384933 -0.470931 0.00725588 0.999737 0.0217637 0.470891 -0.0226161 0.881902 -2.60319 -0.332391 12.402 1 
0.874551 0.00142594 -0.484931 0.00999656 0.99973 0.0209681 0.48483 -0.0231853 0.874301 -2.781 -0.314349 12.767 1 
0.865316 -0.00349179 -0.501214 0.015034 0.999707 0.0189907 0.501001 -0.0239682 0.865115 -2.98439 -0.29498 13.174 1 
0.856724 -0.00749289 -0.515721 0.0175609 0.999739 0.0146473 0.515477 -0.0216052 0.856631 -3.1863 -0.271659 13.537 1 
0.847674 -0.00428216 -0.5305 0.0125348 0.99985 0.0119584 0.53037 -0.0167865 0.8476 -3.40709 -0.253651 13.884 1 
0.836778 -0.000111151 -0.547542 0.0084478 0.999884 0.0127073 0.547477 -0.0152587 0.836682 -3.66028 -0.242212 14.266 1 
0.826402 0.000377199 -0.56308 0.00923695 0.999856 0.0142264 0.563005 -0.0169578 0.82628 -3.89789 -0.19082 14.63 1 
0.815609 2.0355e-05 -0.578604 0.0112675 0.99981 0.015918 0.578494 -0.0195023 0.815454 -4.14077 -0.145914 14.993 1 
0.803363 -0.000714549 -0.595489 0.0130189 0.999781 0.0163639 0.595347 -0.0208988 0.803197 -4.41299 -0.104829 15.366 1 
0.792285 0.00097961 -0.61015 0.0123489 0.999768 0.0176404 0.610026 -0.0215109 0.792089 -4.6748 -0.076599 15.682 1 
0.781187 0.00317069 -0.624289 0.0113476 0.99975 0.0192771 0.624193 -0.0221432 0.780956 -4.9446 -0.0456977 15.986 1 
0.768752 0.00570773 -0.639522 0.00958696 0.999745 0.0204469 0.639475 -0.0218497 0.768501 -5.2417 -0.0216222 16.337 1 
0.757778 0.0069206 -0.652476 0.00901896 0.999737 0.0210784 0.65245 -0.0218574 0.757516 -5.51792 0.00470322 16.643 1 
0.74713 0.00787173 -0.664631 0.00831994 0.999741 0.0211934 0.664626 -0.0213639 0.746871 -5.8035 0.0252023 16.924 1 
0.735204 0.00949345 -0.677779 0.00697296 0.999743 0.0215669 0.67781 -0.0205822 0.734949 -6.1242 0.0370998 17.218 1 
0.724675 0.0113187 -0.688998 0.00590989 0.999726 0.0226392 0.689066 -0.0204779 0.72441 -6.41711 0.0395084 17.49 1 
0.714289 0.0124873 -0.699739 0.00533708 0.999715 0.0232886 0.69983 -0.0203694 0.714018 -6.7136 0.0636688 17.76 1 
0.70331 0.0132191 -0.710761 0.00491736 0.999713 0.023459 0.710867 -0.019994 0.703043 -7.0424 0.0914445 18.048 1 
0.694962 0.0139819 -0.718911 0.00497575 0.999693 0.0242528 0.719029 -0.0204319 0.694679 -7.345 0.112341 18.287 1 
0.687442 0.015536 -0.726073 0.00437392 0.999664 0.0255313 0.726226 -0.0207271 0.687143 -7.65149 0.13381 18.513 1 
0.680754 0.0167645 -0.73232 0.00373699 0.999646 0.026358 0.732502 -0.02068 0.680451 -7.95181 0.151144 18.757 1 
0.674498 0.0170638 -0.73808 0.00319882 0.999656 0.0260344 0.73827 -0.0199212 0.674211 -8.2823 0.172332 19.019 1 
0.670044 0.0175748 -0.742114 0.00269679 0.999655 0.0261089 0.742317 -0.0194954 0.669765 -8.57939 0.189209 19.265 1 
0.66678 0.0182472 -0.745031 0.00274458 0.999633 0.0269392 0.745249 -0.0200073 0.666486 -8.88109 0.20461 19.489 1 
0.664582 0.0182097 -0.746994 0.00306114 0.999628 0.0270917 0.747209 -0.0202913 0.664279 -9.21179 0.222278 19.732 1 
0.663966 0.0173798 -0.747561 0.0037203 0.999641 0.0265446 0.747754 -0.0204059 0.663663 -9.50669 0.237928 19.964 1 
0.664547 0.0168328 -0.747057 0.00344814 0.999667 0.0255919 0.747239 -0.019583 0.664267 -9.8017 0.254033 20.19 1 
0.666628 0.015447 -0.745231 0.00352418 0.999709 0.0238742 0.745382 -0.0185415 0.666379 -10.119 0.268901 20.455 1 
0.670209 0.0130281 -0.742058 0.00352241 0.999779 0.0207342 0.742164 -0.0165101 0.670014 -10.431 0.276754 20.635 1 
0.67531 0.010585 -0.737458 0.00372495 0.999835 0.017762 0.737524 -0.0147419 0.67516 -10.739 0.285226 20.852 1 
0.68226 0.0100631 -0.73104 0.00361068 0.999847 0.0171331 0.731101 -0.0143288 0.682119 -11.082 0.293003 21.096 1 
0.689431 0.012011 -0.724252 0.00257442 0.999816 0.0190316 0.724347 -0.0149855 0.689272 -11.386 0.299841 21.34 1 
0.698798 0.0151618 -0.715159 0.000213526 0.999771 0.0214044 0.715319 -0.01511 0.698634 -11.725 0.305352 21.597 1 
0.708738 0.0177277 -0.705249 -0.00208518 0.999732 0.0230346 0.705468 -0.014855 0.708586 -12.03 0.308014 21.826 1 
0.71946 0.0190706 -0.694272 -0.00301725 0.999699 0.0243335 0.694528 -0.0154122 0.719301 -12.326 0.309099 22.066 1 
0.731828 0.0192282 -0.681218 -0.00410025 0.999708 0.0238131 0.681477 -0.014634 0.731693 -12.646 0.313442 22.334 1 
0.744172 0.0184387 -0.667733 -0.00489773 0.999743 0.0221483 0.66797 -0.0132118 0.744071 -12.926 0.321352 22.595 1 
0.757439 0.018886 -0.652632 -0.0070602 0.99976 0.0207373 0.652867 -0.0110995 0.757391 -13.207 0.328441 22.839 1 
0.772203 0.0205499 -0.635043 -0.0108074 0.999757 0.0192102 0.635284 -0.00797099 0.772238 -13.503 0.337832 23.125 1 
0.785328 0.0213063 -0.618713 -0.0132703 0.999757 0.0175842 0.618937 -0.0055989 0.78542 -13.766 0.344721 23.38 1 
0.798449 0.0193265 -0.601753 -0.0121228 0.999798 0.0160251 0.601941 -0.00550027 0.798522 -14.012 0.351559 23.66 1 
0.813017 0.0179745 -0.581962 -0.0118158 0.999827 0.0143737 0.58212 -0.0048097 0.813089 -14.276 0.356988 23.9709 1 
0.82647 0.0178417 -0.562699 -0.0129989 0.999836 0.01261 0.562831 -0.0031073 0.826566 -14.512 0.360135 24.256 1 
0.839628 0.0169401 -0.542898 -0.01327 0.999855 0.0106757 0.543 -0.00175935 0.839731 -14.744 0.363374 24.549 1 
0.854074 0.0147239 -0.519944 -0.0110803 0.999887 0.0101143 0.520034 -0.00287719 0.854141 -14.99 0.365753 24.882 1 
0.866806 0.0122302 -0.498496 -0.00834822 0.999915 0.0100158 0.498576 -0.00452024 0.866834 -15.204 0.368735 25.206 1 
0.879072 0.0110199 -0.476561 -0.00695003 0.999923 0.0103019 0.476638 -0.00574404 0.879081 -15.412 0.370516 25.534 1 
0.891923 0.0115609 -0.45204 -0.00782205 0.999918 0.010139 0.45212 -0.00550734 0.89194 -15.634 0.372456 25.906 1 
0.902949 0.0136199 -0.429531 -0.0104806 0.999898 0.00967352 0.429619 -0.00423294 0.903 -15.834 0.372653 26.238 1 
0.913376 0.0153219 -0.406829 -0.012355 0.999874 0.00991875 0.40693 -0.00403319 0.91345 -16.017 0.374782 26.595 1 
0.92398 0.0132566 -0.382211 -0.0102826 0.999899 0.00982259 0.382303 -0.00514575 0.924023 -16.204 0.378049 27.0009 1 
0.932918 0.0109348 -0.359922 -0.00802025 0.999922 0.00959014 0.359999 -0.00606015 0.932933 -16.361 0.383249 27.3849 1 
0.941437 0.011573 -0.33699 -0.00895204 0.999916 0.00933027 0.33707 -0.00576711 0.941462 -16.514 0.3918 27.7799 1 
0.950028 0.0138301 -0.311859 -0.0116088 0.999892 0.008978 0.311949 -0.00490904 0.950086 -16.672 0.402211 28.225 1 
0.957062 0.0148355 -0.289503 -0.0125413 0.999874 0.00977801 0.289612 -0.0057274 0.957127 -16.806 0.407911 28.642 1 
0.963622 0.0168038 -0.266741 -0.0142151 0.999831 0.011633 0.266892 -0.00741801 0.963698 -16.932 0.411737 29.068 1 
0.970238 0.0205426 -0.24128 -0.0181561 0.999762 0.0121102 0.241471 -0.00736906 0.97038 -17.062 0.420707 29.546 1 
0.975814 0.0238207 -0.217302 -0.021928 0.999698 0.0111174 0.217501 -0.00608348 0.976041 -17.166 0.436367 29.988 1 
0.980783 0.0271589 -0.193203 -0.0256865 0.999619 0.0101222 0.193404 -0.00496495 0.981107 -17.271 0.452035 30.43 1 
0.985273 0.0276179 -0.168742 -0.0263623 0.999606 0.00967668 0.168943 -0.00508574 0.985613 -17.358 0.465042 30.887 1 
0.989504 0.0286428 -0.141642 -0.0275669 0.999574 0.00955278 0.141855 -0.00554789 0.989872 -17.442 0.476973 31.4 1 
0.992759 0.0299388 -0.11633 -0.0289116 0.999527 0.0105077 0.116589 -0.00706837 0.993155 -17.513 0.480413 31.877 1 
0.995496 0.0323126 -0.0891264 -0.0313798 0.999437 0.0118477 0.0894591 -0.00899762 0.99595 -17.576 0.484833 32.415 1 
0.99726 0.0343741 -0.0655011 -0.0335736 0.999348 0.0132836 0.065915 -0.0110481 0.997764 -17.622 0.488214 32.915 1 
0.998487 0.0354298 -0.0420426 -0.0348886 0.9993 0.0135386 0.0424928 -0.0120513 0.999024 -17.655 0.493884 33.423 1 
0.999192 0.0366943 -0.0163959 -0.0364967 0.999259 0.012193 0.0168312 -0.0115848 0.999791 -17.676 0.502498 33.992 1 
0.999285 0.0370506 0.00751143 -0.0371291 0.999254 0.0105881 -0.00711353 -0.0108594 0.999916 -17.683 0.513147 34.518 1 
0.998797 0.0376888 0.0313817 -0.0380079 0.999231 0.00963431 -0.0309944 -0.0108155 0.999461 -17.677 0.527465 35.055 1 
0.997648 0.0387087 0.0565627 -0.0392493 0.999193 0.00847698 -0.0561889 -0.0106771 0.998363 -17.656 0.543514 35.6549 1 
0.996137 0.039524 0.0784095 -0.040219 0.999164 0.00730313 -0.0780553 -0.0104285 0.996894 -17.621 0.555275 36.209 1 
0.994201 0.0397857 0.0999062 -0.0407222 0.999143 0.00735164 -0.0995281 -0.0113774 0.99497 -17.575 0.563746 36.768 1 
0.991774 0.0401859 0.121529 -0.0414819 0.999106 0.00815165 -0.121093 -0.0131258 0.992554 -17.52 0.570178 37.323 1 
0.988619 0.0402867 0.144948 -0.0420339 0.999076 0.00901032 -0.144451 -0.0150005 0.989398 -17.445 0.575638 37.933 1 
0.985383 0.0397219 0.165657 -0.0418909 0.999076 0.00961852 -0.165122 -0.0164174 0.986137 -17.364 0.580449 38.485 1 
0.9815 0.0388969 0.18747 -0.0414419 0.999094 0.00967352 -0.186923 -0.0172636 0.982223 -17.259 0.585339 39.095 1 
0.977812 0.0386358 0.205889 -0.0413806 0.999103 0.00904013 -0.205355 -0.0173594 0.978534 -17.152 0.59012 39.646 1 
0.974023 0.0379277 0.223248 -0.0406943 0.999141 0.00780309 -0.222761 -0.0166853 0.97473 -17.038 0.593831 40.187 1 
0.969862 0.0385421 0.240588 -0.0412259 0.999131 0.0061299 -0.240142 -0.0158636 0.970608 -16.917 0.59786 40.723 1 
0.964814 0.039644 0.259928 -0.042182 0.999101 0.00419125 -0.259528 -0.0150081 0.965619 -16.773 0.600781 41.306 1 
0.960048 0.039325 0.277058 -0.0416725 0.999128 0.00258739 -0.276715 -0.0140297 0.96085 -16.628 0.602395 41.8401 1 
0.955004 0.0382482 0.294117 -0.0405759 0.999175 0.00181385 -0.293805 -0.0136663 0.955768 -16.474 0.602086 42.3691 1 
0.949004 0.037828 0.312987 -0.0402179 0.99919 0.00118071 -0.312689 -0.0137082 0.949757 -16.297 0.597703 42.9481 1 
0.943198 0.0384548 0.329998 -0.0409708 0.99916 0.000669899 -0.329695 -0.0141521 0.943981 -16.133 0.589051 43.464 1 
0.937125 0.0384599 0.346869 -0.0411942 0.999151 0.000509792 -0.346555 -0.0147667 0.937913 -15.954 0.582487 43.985 1 
0.93022 0.0361306 0.365218 -0.0389521 0.999241 0.000358283 -0.364928 -0.0145593 0.930922 -15.744 0.574172 44.5541 1 
0.923687 0.032249 0.381788 -0.0349777 0.999388 0.000207551 -0.381547 -0.0135458 0.92425 -15.538 0.568004 45.0711 1 
0.916981 0.0271223 0.398008 -0.029843 0.999554 0.000641363 -0.397814 -0.0124659 0.917382 -15.324 0.560264 45.5801 1 
0.909753 0.0216094 0.414588 -0.0241971 0.999707 0.000989644 -0.414445 -0.0109322 0.910009 -15.078 0.553154 46.1371 1 
0.903515 0.0159249 0.42826 -0.0182259 0.999833 0.00127272 -0.428168 -0.00895532 0.903655 -14.84 0.548184 46.6441 1 
0.898844 0.00988992 0.438157 -0.0118828 0.999928 0.00180663 -0.438108 -0.00683043 0.898896 -14.594 0.540857 47.1481 1 
0.895242 0.00337128 0.445567 -0.00417989 0.999991 0.000832117 -0.445561 -0.00260737 0.895248 -14.31 0.537006 47.7061 1 
0.892922 -0.00104869 0.450209 0.0012605 0.999999 -0.000170684 -0.450209 0.000719897 0.892923 -14.063 0.524951 48.201 1 
0.891682 -0.00534566 0.45263 0.00684312 0.999975 -0.00167104 -0.45261 0.00458744 0.891697 -13.806 0.51862 48.702 1 
0.89179 -0.00904115 0.452358 0.01159 0.999929 -0.00286349 -0.4523 0.00779646 0.891832 -13.544 0.513181 49.209 1 
0.893046 -0.0130001 0.449778 0.0160349 0.999867 -0.00293815 -0.44968 0.00983607 0.893135 -13.257 0.504898 49.7699 1 
0.895581 -0.0148724 0.44465 0.0167448 0.99986 -0.000283477 -0.444583 0.00769945 0.895704 -12.9941 0.498298 50.2869 1 
0.899128 -0.017424 0.437338 0.0176051 0.999838 0.00364026 -0.437331 0.00442631 0.89929 -12.74 0.49024 50.791 1 
0.903876 -0.0218079 0.427238 0.020214 0.999762 0.00826631 -0.427316 0.00116447 0.904102 -12.457 0.484773 51.363 1 
0.908983 -0.0275837 0.41592 0.0248878 0.999619 0.0119028 -0.41609 -0.000468131 0.909324 -12.204 0.478303 51.885 1 
0.914764 -0.0269684 0.403089 0.0234743 0.999632 0.0136075 -0.403307 -0.00298544 0.91506 -11.956 0.479866 52.4211 1 
0.920828 -0.0241724 0.389219 0.020756 0.9997 0.0129809 -0.389416 -0.00387453 0.921054 -11.701 0.484445 53.013 1 
0.926513 -0.0216837 0.375638 0.0188159 0.999759 0.0113016 -0.375793 -0.00340312 0.926697 -11.474 0.489657 53.5581 1 
0.932001 -0.0229445 0.361728 0.0206752 0.999735 0.0101434 -0.361865 -0.00197489 0.932228 -11.249 0.492718 54.1121 1 
0.937502 -0.0217203 0.3473 0.019971 0.999763 0.00861595 -0.347405 -0.00114154 0.937714 -11.021 0.495783 54.733 1 
0.942271 -0.0193831 0.334289 0.0178923 0.999812 0.00753848 -0.334372 -0.00112212 0.942441 -10.818 0.501237 55.307 1 
0.947016 -0.0165713 0.32076 0.0150755 0.999861 0.00714618 -0.320833 -0.00193192 0.947134 -10.625 0.503107 55.882 1 
0.951242 -0.0154677 0.308059 0.0135628 0.999873 0.00832415 -0.308149 -0.00374015 0.951331 -10.433 0.504398 56.47 1 
0.955469 -0.0152482 0.294699 0.0127053 0.999864 0.0105418 -0.294819 -0.0063281 0.955532 -10.23 0.505088 57.124 1 
0.959193 -0.014117 0.282399 0.0107927 0.999853 0.0133239 -0.282546 -0.00973238 0.959204 -10.05 0.507808 57.727 1 
0.962745 -0.0131924 0.270088 0.00930243 0.999834 0.0156775 -0.27025 -0.0125809 0.962708 -9.86192 0.511733 58.3971 1 
0.965626 -0.0120124 0.259659 0.00839167 0.999852 0.0150481 -0.259802 -0.0123519 0.965583 -9.68834 0.523139 59.012 1 
0.968287 -0.0107343 0.249609 0.00778317 0.999888 0.012807 -0.249718 -0.0104581 0.968262 -9.51983 0.535871 59.6331 1 
0.970566 -0.00842001 0.240688 0.00639588 0.999937 0.00918974 -0.24075 -0.00737984 0.970559 -9.35844 0.552293 60.2601 1 
0.972657 -0.00711698 0.232138 0.00604544 0.999968 0.00532705 -0.232168 -0.00377801 0.972668 -9.18684 0.568093 60.9511 1 
0.974292 -0.00799458 0.225149 0.00712475 0.999964 0.00467558 -0.225178 -0.00295125 0.974313 -9.03365 0.576851 61.585 1 
0.85529 2.0727e-18 -0.51815 -9.4173e-19 1 2.44571e-18 0.51815 -1.60383e-18 0.85529 -4.5523 1.8585 13.41 1 
0.843785 -0.000338675 -0.536682 0.00280392 0.999989 0.00377735 0.536674 -0.00469208 0.843776 -4.86241 1.81647 13.8322 1 
0.833831 -0.000262237 -0.55202 0.00877247 0.99988 0.0127759 0.551951 -0.0154955 0.833733 -5.12172 1.85353 14.2294 1 
0.823566 0.00343438 -0.567211 0.0105853 0.999714 0.0214226 0.567122 -0.023647 0.823294 -5.36649 1.86907 14.6383 1 
0.812045 0.00403317 -0.583581 0.0108942 0.999697 0.0220681 0.583493 -0.0242779 0.811755 -5.62895 1.87932 15.0761 1 
0.801018 0.00505537 -0.598619 0.00922426 0.999741 0.0207859 0.598569 -0.0221717 0.800764 -5.90535 1.86351 15.4741 1 
0.792593 0.00269356 -0.609745 0.0106989 0.999775 0.0183237 0.609657 -0.0210469 0.792386 -6.20973 1.80875 15.8335 1 
0.783446 0.00379141 -0.621449 0.00792411 0.999839 0.0160897 0.62141 -0.0175298 0.78329 -6.53073 1.79179 16.2157 1 
0.775263 0.00575946 -0.631612 0.00457734 0.999881 0.014736 0.631622 -0.0143154 0.775144 -6.82119 1.80068 16.5585 1 
0.767045 0.0100804 -0.641515 0.0006452 0.999864 0.0164828 0.641593 -0.0130569 0.766934 -7.11006 1.80429 16.9184 1 
0.757961 0.00817907 -0.652249 -0.00177759 0.999944 0.0104734 0.652298 -0.006779 0.757933 -7.4408 1.80689 17.298 1 
0.748241 0.00590782 -0.663401 -0.000265131 0.999963 0.00860598 0.663427 -0.00626346 0.748215 -7.73311 1.78964 17.642 1 
0.738943 0.00375362 -0.673758 0.00496204 0.999927 0.0110129 0.67375 -0.0114811 0.73887 -8.01287 1.84721 17.9818 1 
0.728655 0.00425509 -0.684867 0.00716723 0.999879 0.0138377 0.684843 -0.0149915 0.728536 -8.30543 1.88445 18.3459 1 
0.7185 0.00268921 -0.695522 0.00787436 0.999897 0.0120006 0.695482 -0.0140992 0.718405 -8.61326 1.84565 18.6711 1 
0.708287 0.00210837 -0.705922 0.00768592 0.999913 0.0106981 0.705883 -0.013003 0.708209 -8.92401 1.80608 18.9852 1 
0.704487 0.00595461 -0.709692 0.00769079 0.999842 0.0160235 0.709676 -0.0167464 0.70433 -9.22443 1.7471 19.3238 1 
0.70128 0.00698194 -0.712852 0.00376797 0.999902 0.0135002 0.712876 -0.0121535 0.701185 -9.50668 1.77068 19.6519 1 
0.697767 0.00568011 -0.716302 -0.00090501 0.999975 0.00704798 0.716324 -0.00426958 0.697755 -9.79014 1.76786 19.9972 1 
0.693873 0.00259407 -0.720093 -0.00282551 0.999996 0.000879769 0.720092 0.00142418 0.693877 -10.0962 1.77519 20.3248 1 
0.688785 -0.00508395 -0.724948 -0.000944562 0.999968 -0.00791007 0.724965 0.00613309 0.688758 -10.4517 1.75442 20.6575 1 
0.694586 -0.00574417 -0.719387 0.00124409 0.999976 -0.00678343 0.719408 0.0038167 0.694577 -10.714 1.73514 20.9837 1 
0.699447 -0.0022988 -0.714681 0.00213569 0.999997 -0.00112637 0.714682 -0.000738508 0.699449 -11.0024 1.751 21.3223 1 
0.705098 0.000961393 -0.709109 0.00277348 0.999988 0.00411355 0.709104 -0.00486716 0.705087 -11.2784 1.74374 21.6368 1 
0.71075 0.000732837 -0.703444 0.00205717 0.999993 0.00312031 0.703442 -0.00366487 0.710743 -11.5617 1.71861 21.9621 1 
0.716901 0.00110047 -0.697174 0.00209641 0.999991 0.00373419 0.697172 -0.00413861 0.716892 -11.8381 1.72855 22.2961 1 
0.727346 0.00823878 -0.686221 0.0021757 0.999895 0.0143108 0.686267 -0.011902 0.727252 -12.1121 1.6705 22.643 1 
0.739003 0.0111485 -0.67361 0.00483138 0.99975 0.0218466 0.673685 -0.0193992 0.738764 -12.3601 1.67004 22.9805 1 
0.750942 0.00633884 -0.660337 0.0106083 0.999709 0.0216605 0.660283 -0.0232709 0.750657 -12.6104 1.7099 23.331 1 
0.761175 6.79044e-05 -0.648546 0.0148217 0.999737 0.0175003 0.648377 -0.0229333 0.760974 -12.897 1.64175 23.7079 1 
0.772069 -0.00245285 -0.635534 0.0162715 0.999741 0.0159086 0.63533 -0.0226236 0.771909 -13.1568 1.65999 24.0662 1 
0.79446 0.00419434 -0.607303 0.00795224 0.999819 0.0173082 0.607265 -0.0185801 0.794282 -13.3566 1.657 24.4754 1 
0.809006 0.00794716 -0.587747 0.00280925 0.999845 0.0173861 0.587794 -0.0157166 0.808858 -13.5578 1.64772 24.8502 1 
0.824263 0.0052386 -0.566183 0.00547134 0.999837 0.0172163 0.566181 -0.0172885 0.8241 -13.7382 1.65732 25.2522 1 
0.837093 0.00100758 -0.54706 0.0109007 0.999769 0.0185213 0.546952 -0.0214674 0.836888 -13.9236 1.63337 25.6291 1 
0.858548 0.00105378 -0.512731 0.0121587 0.999675 0.0224138 0.512588 -0.0254775 0.858257 -14.1166 1.71425 26.0025 1 
0.874159 0.00571933 -0.485606 0.00828288 0.99961 0.0266834 0.485569 -0.0273478 0.87377 -14.2631 1.75981 26.4041 1 
0.889011 0.00562195 -0.457851 0.00722996 0.999628 0.0263128 0.457829 -0.0267026 0.888639 -14.4245 1.72113 26.8294 1 
0.898428 0.00409928 -0.439101 0.00688155 0.999702 0.0234129 0.439066 -0.0240565 0.898133 -14.5682 1.71806 27.2543 1 
0.907961 0.00384906 -0.419038 0.00598309 0.999737 0.0221471 0.419013 -0.0226158 0.907699 -14.6892 1.74221 27.6624 1 
0.916538 0.00142606 -0.399945 0.00796631 0.99973 0.0218208 0.399868 -0.0231856 0.916279 -14.8448 1.77151 28.0651 1 
0.923421 -0.00349201 -0.383772 0.012422 0.999707 0.020793 0.383587 -0.0239679 0.923194 -14.9759 1.77993 28.4808 1 
0.930685 -0.00749252 -0.365745 0.0148743 0.999738 0.0173693 0.36552 -0.0216055 0.930553 -15.0802 1.75664 28.8894 1 
0.93747 -0.00428221 -0.34804 0.00985653 0.99985 0.0142473 0.347927 -0.0167869 0.937371 -15.2026 1.7758 29.2865 1 
0.941186 -0.000111107 -0.33789 0.00526039 0.999884 0.0143239 0.337849 -0.0152589 0.941077 -15.3394 1.79568 29.7298 1 
0.945285 0.000377144 -0.326247 0.00517594 0.999856 0.0161529 0.326206 -0.0169577 0.945147 -15.4499 1.86248 30.1769 1 
0.949527 2.00252e-05 -0.313687 0.00609833 0.99981 0.0185234 0.313627 -0.0195014 0.949346 -15.5052 1.91237 30.6048 1 
0.953008 -0.000714458 -0.302945 0.00701198 0.999781 0.0197005 0.302865 -0.020899 0.952804 -15.6281 1.93659 31.0361 1 
0.957092 0.000979441 -0.289783 0.00529628 0.999768 0.0208716 0.289736 -0.0215108 0.956865 -15.7048 1.9636 31.4518 1 
0.961102 0.00317083 -0.276174 0.0030686 0.99975 0.0221573 0.276175 -0.0221429 0.960852 -15.7907 1.99898 31.8724 1 
0.964468 0.00570806 -0.26414 0.000267526 0.999745 0.0225813 0.264201 -0.0218496 0.96422 -15.9377 2.01578 32.3344 1 
0.968856 0.0069208 -0.247528 -0.00129308 0.999737 0.022891 0.247621 -0.021858 0.96861 -15.9878 2.04336 32.7729 1 
0.973151 0.00787141 -0.230035 -0.00274387 0.999741 0.0226017 0.230153 -0.0213637 0.97292 -16.042 2.05421 33.2081 1 
0.976784 0.00949355 -0.214018 -0.00486627 0.999743 0.0221375 0.214173 -0.0205821 0.976579 -16.1637 2.05807 33.6516 1 
0.98061 0.0113186 -0.195644 -0.00709062 0.999726 0.0222975 0.195842 -0.0204779 0.980422 -16.2272 2.0652 34.1077 1 
0.984178 0.0124876 -0.176743 -0.00868761 0.999715 0.0222574 0.17697 -0.0203698 0.984005 -16.2961 2.08716 34.5769 1 
0.98818 0.013219 -0.152728 -0.0100071 0.999713 0.0217798 0.152972 -0.019994 0.988028 -16.3941 2.10856 35.0439 1 
0.99209 0.013982 -0.124749 -0.0113205 0.999693 0.0220183 0.125019 -0.020432 0.991944 -16.4061 2.13707 35.5061 1 
0.995318 0.0155361 -0.0953961 -0.0134841 0.999664 0.0221167 0.0957077 -0.0207269 0.995194 -16.4048 2.17053 35.9758 1 
0.997761 0.0167644 -0.0647484 -0.0153863 0.999646 0.0217255 0.0650897 -0.0206806 0.997665 -16.3821 2.19027 36.4829 1 
0.999297 0.0170639 -0.0333743 -0.016386 0.999656 0.020483 0.0337124 -0.0199217 0.999233 -16.3858 2.19296 37.0228 1 
0.999827 0.0175745 -0.00611189 -0.0174517 0.999655 0.0196052 0.00645434 -0.0194952 0.999789 -16.3691 2.20287 37.5498 1 
0.999574 0.0182472 0.0227947 -0.018695 0.999633 0.01959 -0.0224289 -0.0200078 0.999548 -16.3309 2.22925 38.0701 1 
0.998422 0.0182098 0.0531185 -0.0192585 0.999628 0.0192984 -0.0527473 -0.020291 0.998402 -16.2978 2.24819 38.6231 1 
0.996187 0.0173799 0.0854914 -0.0190576 0.999641 0.018847 -0.0851331 -0.0204044 0.996161 -16.1922 2.25651 39.1824 1 
0.992709 0.0168328 0.119355 -0.0190473 0.999667 0.0174365 -0.119022 -0.0195827 0.992698 -16.0546 2.24906 39.748 1 
0.98945 0.015447 0.144049 -0.0179546 0.999709 0.016124 -0.143758 -0.0185402 0.989439 -15.963 2.25267 40.3573 1 
0.985248 0.0130279 0.170637 -0.0156527 0.999779 0.0140455 -0.170417 -0.0165093 0.985234 -15.8252 2.22369 40.891 1 
0.982221 0.0105847 0.187428 -0.0131594 0.999835 0.0124979 -0.187265 -0.0147422 0.982199 -15.7165 2.20292 41.4387 1 
0.978351 0.0100629 0.206706 -0.0128066 0.999847 0.0119399 -0.206554 -0.0143286 0.97833 -15.5812 2.21895 42.0174 1 
0.973984 0.0120108 0.226297 -0.0150895 0.999816 0.0118796 -0.226112 -0.0149852 0.973986 -15.3882 2.26667 42.587 1 
0.969206 0.0151617 0.245783 -0.0184094 0.999771 0.0109215 -0.245562 -0.0151099 0.969263 -15.2595 2.26612 43.1809 1 
0.963781 0.0177276 0.266105 -0.0210408 0.999732 0.00960491 -0.265864 -0.0148561 0.963896 -15.0682 2.24917 43.7424 1 
0.957566 0.0190708 0.287582 -0.0226964 0.999699 0.00927839 -0.287319 -0.0154118 0.957711 -14.8322 2.24205 44.3069 1 
0.950079 0.0192281 0.311415 -0.0228285 0.999708 0.00792013 -0.311172 -0.0146339 0.950241 -14.6266 2.25731 44.9193 1 
0.941916 0.0184386 0.335342 -0.0218012 0.999743 0.00626527 -0.335141 -0.0132122 0.942075 -14.364 2.25868 45.5147 1 
0.941723 0.0188859 0.335859 -0.0215166 0.99976 0.00411262 -0.335701 -0.0110995 0.941903 -14.2005 2.25211 46.141 1 
0.940534 0.0205497 0.339076 -0.0220351 0.999757 0.000531024 -0.338983 -0.00797102 0.940759 -13.968 2.2206 46.8049 1 
0.94004 0.0213062 0.340397 -0.0219396 0.999757 -0.00198851 -0.340357 -0.0055989 0.94028 -13.7358 2.20145 47.4245 1 
0.939429 0.0193266 0.342199 -0.0200419 0.999798 -0.00144602 -0.342158 -0.00549987 0.939627 -13.464 2.23602 48.0533 1 
0.937716 0.017975 0.346936 -0.0185263 0.999827 -0.00172804 -0.346907 -0.00480702 0.937887 -13.1172 2.25422 48.7002 1 
0.937262 0.0178417 0.348169 -0.017807 0.999836 -0.00329987 -0.348171 -0.00310702 0.937426 -12.9228 2.24304 49.34 1 
0.936719 0.01694 0.349672 -0.0164857 0.999855 -0.00427551 -0.349693 -0.00175964 0.936863 -12.7 2.24106 49.9793 1 
0.935006 0.0147242 0.354326 -0.0147882 0.999887 -0.00252741 -0.354324 -0.00287671 0.935118 -12.4346 2.24589 50.6559 1 
0.934056 0.0122301 0.356916 -0.013038 0.999915 -0.000142493 -0.356887 -0.00452037 0.934137 -12.1752 2.26949 51.3192 1 
0.933009 0.0110198 0.359685 -0.0123486 0.999923 0.0013968 -0.359641 -0.00574483 0.933073 -11.8827 2.27937 51.979 1 
0.934669 0.0115605 0.355331 -0.0127636 0.999918 0.00104189 -0.355289 -0.00550911 0.93474 -11.673 2.27825 52.7107 1 
0.937206 0.0136196 0.34851 -0.0142413 0.999898 -0.000778054 -0.348485 -0.00423405 0.937305 -11.487 2.24056 53.412 1 
0.93972 0.0153215 0.341602 -0.0157778 0.999874 -0.00144288 -0.341581 -0.00403382 0.939844 -11.2663 2.2333 54.1349 1 
0.941623 0.0132565 0.336408 -0.0142149 0.999899 0.000386081 -0.336369 -0.00514555 0.941716 -10.9838 2.28065 54.8905 1 
0.944416 0.0109348 0.328571 -0.0123187 0.999922 0.00213066 -0.328522 -0.00605981 0.944477 -10.7282 2.3292 55.6343 1 
0.948199 0.011573 0.317467 -0.0128051 0.999916 0.00179465 -0.317419 -0.00576687 0.948268 -10.6063 2.33876 56.3491 1 
0.951187 0.0138299 0.308306 -0.0146697 0.999892 0.000406123 -0.308267 -0.00490906 0.951287 -10.4058 2.32223 57.1054 1 
0.955024 0.0148357 0.296157 -0.0158664 0.999874 0.00107693 -0.296104 -0.00572745 0.955139 -10.2547 2.35716 57.8518 1 
0.958623 0.0168037 0.284181 -0.018219 0.999831 0.00233773 -0.284094 -0.00741851 0.958768 -10.0674 2.40904 58.6062 1 
0.961317 0.0205425 0.274676 -0.0217765 0.999762 0.00144365 -0.274581 -0.00736929 0.961536 -9.78299 2.39903 59.3985 1 
0.962156 0.0238205 0.271455 -0.0245776 0.999698 -0.000610717 -0.271388 -0.00608413 0.962451 -9.58216 2.42597 60.1771 1 
0.962976 0.0271587 0.268215 -0.0274955 0.999619 -0.00250113 -0.268181 -0.00496619 0.963356 -9.36076 2.45414 60.9578 1 
0.963783 0.0276178 0.265253 -0.0279775 0.999606 -0.00242303 -0.265215 -0.00508584 0.964176 -9.24265 2.45543 61.6466 1 
0.963893 0.0286428 0.264745 -0.0290896 0.999574 -0.00223369 -0.264696 -0.00554829 0.964316 -9.02344 2.45865 62.3782 1 
0.964496 0.0299388 0.262395 -0.0307444 0.999527 -0.00103593 -0.262301 -0.00706801 0.96496 -8.83184 2.48491 63.0944 1 
0.96878 0.0323127 0.245809 -0.0335328 0.999437 0.000778915 -0.245645 -0.00899726 0.969318 -8.62784 2.50512 63.866 1 
0.973613 0.0343743 0.225603 -0.0359803 0.999348 0.00300959 -0.225352 -0.0110474 0.974215 -8.50357 2.53442 64.641 1 
0.978098 0.0354305 0.205108 -0.0371481 0.9993 0.0045286 -0.204804 -0.0120488 0.978729 -8.35588 2.54196 65.4374 1 
0.973981 0.0366942 0.223638 -0.0383556 0.999259 0.00308787 -0.223359 -0.0115853 0.974667 -8.18692 2.50091 66.2169 1 
0.969967 0.0370505 0.2404 -0.0385747 0.999254 0.00163592 -0.24016 -0.0108601 0.970673 -8.04492 2.46324 66.9819 1 
0.973178 0.0376886 0.226944 -0.0391598 0.999231 0.00198216 -0.226695 -0.0108161 0.973906 -7.8872 2.4742 67.6936 1 
0.975903 0.0387086 0.214746 -0.0400983 0.999193 0.00211721 -0.214491 -0.0106771 0.976668 -7.65598 2.4775 68.4657 1 
0.979147 0.0395239 0.199272 -0.0408092 0.999164 0.00234526 -0.199012 -0.0104285 0.979941 -7.50504 2.47868 69.2363 1 
0.982224 0.0397855 0.183448 -0.0411973 0.999143 0.00388923 -0.183136 -0.0113776 0.983022 -7.33995 2.52177 70.0234 1 
0.980616 0.0401859 0.191775 -0.0419566 0.999106 0.00517993 -0.191396 -0.0131258 0.981425 -7.24543 2.58518 70.7296 1 
0.978571 0.0402867 0.201929 -0.0424849 0.999076 0.00656213 -0.201478 -0.0150004 0.979378 -7.05649 2.65244 71.4853 1 
0.977011 0.0397219 0.209454 -0.0422783 0.999076 0.00773981 -0.208953 -0.0164172 0.977788 -6.93967 2.71486 72.2245 1 
0.975143 0.038897 0.218135 -0.0417247 0.999094 0.00836994 -0.217612 -0.0172635 0.975883 -6.74607 2.75911 73.0232 1 
0.973936 0.0386358 0.223507 -0.0415369 0.999103 0.00829122 -0.222986 -0.0173589 0.974667 -6.65076 2.77697 73.8125 1 
0.972947 0.0379278 0.227892 -0.0407311 0.999141 0.00760877 -0.227408 -0.0166852 0.973657 -6.57134 2.77309 74.6164 1 
0.971876 0.0385424 0.232317 -0.0411721 0.999131 0.0064796 -0.231865 -0.0158623 0.972619 -6.46777 2.74992 75.427 1 
0.970252 0.0396444 0.238828 -0.0420805 0.999101 0.00510791 -0.238411 -0.015006 0.971048 -6.25178 2.71527 76.2737 1 
0.972531 0.0393252 0.229426 -0.0414944 0.999128 0.00463639 -0.229044 -0.0140289 0.973315 -6.17924 2.69381 77.0148 1 
0.974746 0.038248 0.220019 -0.0403173 0.999175 0.00492113 -0.219649 -0.0136674 0.975483 -6.08805 2.69947 77.7621 1 
0.976419 0.0378279 0.212546 -0.0398768 0.99919 0.00535966 -0.212171 -0.0137089 0.977136 -5.88991 2.70518 78.5512 1 
0.978368 0.0384548 0.203264 -0.0405281 0.99916 0.00604556 -0.202861 -0.0141527 0.979105 -5.75561 2.71266 79.309 1 
0.980263 0.0384603 0.193919 -0.0405925 0.999151 0.00703234 -0.193484 -0.0147652 0.980992 -5.59702 2.73483 80.0836 1 
0.981842 0.0361309 0.186225 -0.038209 0.999241 0.00758057 -0.18581 -0.0145584 0.982478 -5.33754 2.74704 80.9024 1 
0.981154 0.032249 0.190519 -0.0342382 0.999388 0.00715748 -0.190172 -0.0135456 0.981657 -5.21172 2.75187 81.6315 1 
0.980519 0.0271221 0.194541 -0.0290284 0.999554 0.00695417 -0.194265 -0.0124659 0.98087 -5.07838 2.76468 82.3702 1 
0.979743 0.0216094 0.199091 -0.0233528 0.999707 0.00641245 -0.198894 -0.0109319 0.97996 -4.88341 2.7633 83.1656 1 
0.979539 0.0159247 0.200621 -0.0173973 0.999833 0.00557911 -0.200499 -0.00895522 0.979653 -4.79934 2.75019 83.9558 1 
0.980119 0.00988894 0.198166 -0.0110469 0.999928 0.00473895 -0.198104 -0.00683386 0.980157 -4.85065 2.73152 84.7975 1 
0.977922 0.00336959 0.208944 -0.00384143 0.999991 0.00185247 -0.208936 -0.00261421 0.977926 -4.55861 2.63657 85.6032 1 
0.976234 -0.00104947 0.216718 0.00117974 0.999999 -0.000471725 -0.216718 0.000716185 0.976234 -4.41142 2.54499 86.3757 1 
0.975017 -0.00534578 0.222067 0.00623073 0.999975 -0.00328468 -0.222044 0.00458626 0.975026 -4.34615 2.43402 87.1805 1 
0.974437 -0.0090416 0.224481 0.0105602 0.999929 -0.0055652 -0.224414 0.0077935 0.974463 -4.12881 2.33526 87.9799 1 
0.975051 -0.0130004 0.221599 0.0148563 0.999867 -0.00671004 -0.221483 0.00983478 0.975115 -4.13236 2.27968 88.7261 1 
0.976294 -0.0148728 0.215938 0.016184 0.99986 -0.00430504 -0.215844 0.00769773 0.976398 -3.88723 2.32604 89.4396 1 
0.977992 -0.0174247 0.207915 0.0179637 0.999838 -0.000704804 -0.207869 0.00442422 0.978147 -3.74938 2.42084 90.16 1 
0.980181 -0.0218083 0.196899 0.0216103 0.999761 0.00315431 -0.196921 0.00116326 0.980419 -3.70948 2.5322 90.9755 1 
0.980183 -0.0275838 0.196167 0.0269554 0.999619 0.00587315 -0.196254 -0.000469003 0.980553 -3.52959 2.58801 91.6849 1 
0.980663 -0.0269686 0.193838 0.0258772 0.999632 0.00816097 -0.193986 -0.00298719 0.981 -3.41133 2.63023 92.4244 1 
0.981397 -0.0241724 0.19046 0.022991 0.9997 0.00841042 -0.190607 -0.00387509 0.981659 -3.32896 2.59169 93.2365 1 
0.982025 -0.0216839 0.187499 0.0206604 0.999759 0.00741136 -0.187614 -0.00340434 0.982237 -3.08763 2.61025 93.9724 1 
0.982603 -0.0229451 0.184296 0.022187 0.999735 0.00617447 -0.184389 -0.00197807 0.982851 -2.86941 2.61877 94.7291 1 
0.98278 -0.0217202 0.183497 0.0211418 0.999763 0.00510829 -0.183564 -0.00114088 0.983007 -2.70984 2.5757 95.5626 1 
0.982683 -0.0193831 0.184276 0.0188441 0.999812 0.00467575 -0.184332 -0.00112226 0.982863 -2.51266 2.56026 96.342 1 
0.982679 -0.0165712 0.184574 0.0159297 0.999861 0.00495814 -0.184631 -0.00193205 0.982806 -2.34814 2.57125 97.133 1 
0.983125 -0.0154679 0.182279 0.0145266 0.999873 0.00649823 -0.182356 -0.00374069 0.983225 -2.19135 2.54644 97.8868 1 
0.983666 -0.0152484 0.179358 0.0138654 0.999864 0.0089622 -0.179471 -0.00632894 0.983743 -2.05452 2.56113 98.7165 1 
0.984003 -0.0141175 0.17759 0.0121633 0.999853 0.012088 -0.177734 -0.00973456 0.98403 -1.89982 2.66765 99.4913 1 
0.984328 -0.013193 0.175851 0.010773 0.999834 0.0147089 -0.176016 -0.0125839 0.984307 -1.73931 2.75504 100.339 1 
0.984303 -0.012012 0.176079 0.00964846 0.999852 0.0142733 -0.176224 -0.0123503 0.984273 -1.51251 2.72009 101.128 1 
0.984203 -0.0107341 0.176719 0.0087164 0.999888 0.0121901 -0.17683 -0.0104572 0.984186 -1.27558 2.61525 101.93 1 
0.983898 -0.00842005 0.178532 0.00696692 0.999937 0.00876474 -0.178594 -0.0073798 0.983895 -1.17058 2.56016 102.659 1 
0.983505 -0.00711692 0.180743 0.00631686 0.999968 0.00500172 -0.180772 -0.00377749 0.983518 -1.04097 2.4901 103.452 1 
0.982791 -0.00799455 0.184546 0.00731254 0.999964 0.00437587 -0.184575 -0.00295106 0.982814 -0.865239 2.54891 104.172 1 
