1 1.95158e-18 -2.77555e-17 -1.95158e-18 1 1.30103e-18 2.77555e-17 -1.30103e-18 1 1.1642e-10 -7.276e-12 -3.4925e-10 1 
0.999876 -0.000338636 -0.0157308 0.000412403 0.999989 0.00468628 0.015729 -0.00469219 0.999865 0.00227044 -0.012035 0.334388 1 
0.99961 -0.00026214 -0.0279387 0.000694936 0.99988 0.0154823 0.0279313 -0.0154957 0.99949 0.0106792 -0.0308708 0.64307 1 
0.999186 0.00343441 -0.0401858 -0.00248039 0.999714 0.0237661 0.0402559 -0.0236471 0.99891 0.031904 -0.0566633 0.96411 1 
0.998527 0.00403268 -0.0541116 -0.0027119 0.999697 0.0244598 0.0541938 -0.024277 0.998235 0.0550541 -0.08034 1.30829 1 
0.997763 0.00505512 -0.0666576 -0.00356473 0.999741 0.022459 0.0667539 -0.0221711 0.997523 0.0480375 -0.0951732 1.6056 1 
0.996856 0.0026939 -0.0791828 -0.00101827 0.999775 0.0211943 0.0792221 -0.021047 0.996635 0.0314997 -0.0996361 1.88121 1 
0.995697 0.00379191 -0.0925918 -0.00215187 0.999839 0.017806 0.0926445 -0.0175301 0.995545 0.00762361 -0.0972099 2.18831 1 
0.99454 0.0057597 -0.104198 -0.00423603 0.999881 0.0148382 0.104271 -0.0143158 0.994446 -0.0100624 -0.10654 2.45009 1 
0.993245 0.0100801 -0.115601 -0.00850213 0.999864 0.0141352 0.115728 -0.0130568 0.993195 -0.0295357 -0.11503 2.73449 1 
0.991718 0.0081786 -0.128177 -0.00724207 0.999944 0.00777096 0.128233 -0.00677834 0.991721 -0.0626194 -0.118071 3.0447 1 
0.990132 0.00590754 -0.140012 -0.00497231 0.999963 0.00702846 0.140049 -0.00626292 0.990125 -0.0807744 -0.11577 3.34672 1 
0.988531 0.00375337 -0.150973 -0.00197678 0.999927 0.011916 0.151007 -0.0114809 0.988466 -0.0970562 -0.12044 3.65398 1 
0.986599 0.0042549 -0.163107 -0.00175222 0.999879 0.0154846 0.163153 -0.0149913 0.986487 -0.111367 -0.141791 3.99579 1 
0.984599 0.00268967 -0.174809 -0.000183179 0.999897 0.014353 0.17483 -0.0140999 0.984498 -0.141618 -0.158889 4.29179 1 
0.982481 0.00210885 -0.186349 0.000351536 0.999913 0.0131691 0.18636 -0.0130039 0.982395 -0.176693 -0.18137 4.57878 1 
0.980226 0.00595484 -0.197792 -0.00252385 0.999842 0.0175941 0.197865 -0.016747 0.980086 -0.219182 -0.20191 4.91638 1 
0.978023 0.00698207 -0.208379 -0.00429557 0.999902 0.0133421 0.208451 -0.0121538 0.977957 -0.25354 -0.21971 5.22869 1 
0.97563 0.00568034 -0.219347 -0.00460536 0.999975 0.00541183 0.219373 -0.00426977 0.975632 -0.296156 -0.232041 5.53921 1 
0.972999 0.00259379 -0.230797 -0.00285259 0.999996 -0.000787613 0.230794 0.00142471 0.973002 -0.348223 -0.247579 5.84411 1 
0.96982 -0.00508488 -0.24377 0.00343604 0.999968 -0.00718866 0.243799 0.0061341 0.969806 -0.41475 -0.257779 6.17648 1 
0.966894 -0.00574503 -0.255114 0.00458101 0.999976 -0.00515669 0.255137 0.00381729 0.966897 -0.481639 -0.260179 6.48278 1 
0.963513 -0.0022993 -0.267651 0.00241301 0.999997 9.59413e-05 0.26765 -0.000738285 0.963516 -0.56216 -0.267319 6.82167 1 
0.960285 0.000961451 -0.279021 0.000434844 0.999988 0.00494233 0.279022 -0.00486737 0.960272 -0.644901 -0.291039 7.12742 1 
0.956942 0.00073268 -0.290279 0.000362686 0.999993 0.00371968 0.290279 -0.0036648 0.956935 -0.728117 -0.308581 7.43466 1 
0.9537 0.0011 -0.300759 0.000195439 0.999991 0.00427713 0.300761 -0.00413787 0.953691 -0.814903 -0.32179 7.74851 1 
0.949467 0.00823817 -0.313759 -0.0040873 0.999895 0.013885 0.313841 -0.0119009 0.949401 -0.913548 -0.348188 8.08821 1 
0.945722 0.0111482 -0.324785 -0.00424057 0.99975 0.0219683 0.324948 -0.0193987 0.945533 -1.00573 -0.371657 8.39682 1 
0.942148 0.00633891 -0.335138 0.00182853 0.999709 0.0240493 0.335193 -0.0232708 0.941862 -1.09778 -0.381487 8.70742 1 
0.937661 6.79122e-05 -0.347552 0.00790675 0.999737 0.021527 0.347462 -0.022933 0.937414 -1.20511 -0.388958 9.04024 1 
0.933476 -0.00245298 -0.358633 0.0104027 0.999741 0.0202389 0.35849 -0.0226232 0.933259 -1.30921 -0.386392 9.34189 1 
0.928675 0.00419461 -0.370872 0.00299623 0.999819 0.0188107 0.370884 -0.0185803 0.928493 -1.43871 -0.386182 9.66924 1 
0.923897 0.00794767 -0.38256 -0.00132904 0.999845 0.0175621 0.38264 -0.0157171 0.923764 -1.5604 -0.387272 9.97254 1 
0.918877 0.00523884 -0.394509 0.00200753 0.999837 0.0179531 0.394538 -0.0172887 0.918717 -1.67759 -0.383407 10.294 1 
0.913965 0.00100805 -0.405792 0.00779039 0.999769 0.0200299 0.405719 -0.0214679 0.913746 -1.80341 -0.385371 10.618 1 
0.908267 0.00105393 -0.418389 0.00970272 0.999675 0.0235815 0.418278 -0.0254778 0.907962 -1.9565 -0.385398 10.979 1 
0.902238 0.0057194 -0.4312 0.00663428 0.99961 0.0271402 0.431187 -0.0273477 0.901848 -2.10401 -0.385197 11.312 1 
0.896123 0.00562187 -0.44377 0.00681376 0.999628 0.026423 0.443754 -0.026702 0.895751 -2.25619 -0.373598 11.657 1 
0.888968 0.00409931 -0.457951 0.00737354 0.999702 0.0232622 0.45791 -0.024056 0.888673 -2.43241 -0.349549 12.046 1 
0.882161 0.00384897 -0.470932 0.0072558 0.999737 0.0217627 0.470892 -0.0226152 0.881901 -2.60322 -0.332392 12.402 1 
0.874551 0.00142601 -0.484931 0.0099964 0.99973 0.0209679 0.48483 -0.0231851 0.874301 -2.78101 -0.314351 12.767 1 
0.865317 -0.00349189 -0.501213 0.0150336 0.999707 0.0189899 0.501 -0.0239673 0.865115 -2.98446 -0.294981 13.1741 1 
0.856726 -0.00749252 -0.515717 0.0175603 0.999739 0.0146472 0.515473 -0.0216048 0.856634 -3.18628 -0.271655 13.5371 1 
0.847673 -0.00428232 -0.530502 0.0125348 0.99985 0.011958 0.530371 -0.0167862 0.847599 -3.40711 -0.253651 13.884 1 
0.836778 -0.000111267 -0.547542 0.0084476 0.999884 0.0127068 0.547477 -0.0152582 0.836682 -3.66033 -0.242215 14.266 1 
0.826405 0.000377361 -0.563077 0.00923632 0.999856 0.0142258 0.563001 -0.0169571 0.826282 -3.89788 -0.19082 14.63 1 
0.81561 2.00359e-05 -0.578603 0.0112671 0.99981 0.0159169 0.578493 -0.0195011 0.815454 -4.14084 -0.145911 14.9931 1 
0.803363 -0.000714476 -0.59549 0.013019 0.999781 0.0163641 0.595348 -0.0208989 0.803196 -4.41298 -0.10483 15.3659 1 
0.792283 0.000979371 -0.610153 0.0123491 0.999768 0.01764 0.610029 -0.0215107 0.792087 -4.67483 -0.0765982 15.682 1 
0.78119 0.0031709 -0.624286 0.0113471 0.99975 0.019277 0.624191 -0.0221429 0.780958 -4.94454 -0.0456977 15.986 1 
0.768753 0.00570808 -0.639521 0.00958678 0.999745 0.0204473 0.639474 -0.0218499 0.768502 -5.24169 -0.0216188 16.3371 1 
0.757779 0.00692098 -0.652475 0.00901858 0.999737 0.0210786 0.652449 -0.0218573 0.757517 -5.51783 0.00468844 16.6429 1 
0.747129 0.00787155 -0.664632 0.00831965 0.999741 0.0211927 0.664627 -0.0213632 0.74687 -5.80354 0.0251945 16.924 1 
0.735207 0.00949375 -0.677777 0.00697261 0.999743 0.021567 0.677807 -0.0205821 0.734952 -6.12417 0.0370973 17.218 1 
0.724675 0.0113187 -0.688998 0.00590981 0.999726 0.0226392 0.689065 -0.0204779 0.72441 -6.41709 0.0395096 17.49 1 
0.714291 0.0124878 -0.699738 0.00533708 0.999715 0.0232893 0.699829 -0.0203699 0.71402 -6.71356 0.0636711 17.76 1 
0.703309 0.0132192 -0.710761 0.0049173 0.999713 0.023459 0.710867 -0.019994 0.703042 -7.04244 0.0914428 18.048 1 
0.694962 0.0139821 -0.718911 0.0049756 0.999693 0.024253 0.719029 -0.0204319 0.694679 -7.34499 0.112339 18.287 1 
0.687441 0.015536 -0.726074 0.00437396 0.999664 0.0255313 0.726227 -0.0207271 0.687142 -7.65158 0.133814 18.513 1 
0.680751 0.0167643 -0.732323 0.00373701 0.999646 0.0263577 0.732506 -0.0206797 0.680447 -7.95185 0.151135 18.7569 1 
0.674497 0.0170637 -0.73808 0.00319861 0.999656 0.0260342 0.73827 -0.0199208 0.674211 -8.28232 0.172336 19.019 1 
0.670039 0.0175744 -0.742117 0.00269621 0.999656 0.0261077 0.742321 -0.0194941 0.669761 -8.57955 0.189204 19.265 1 
0.666779 0.0182472 -0.745032 0.00274452 0.999633 0.0269391 0.745251 -0.0200072 0.666484 -8.88116 0.20461 19.4891 1 
0.664582 0.0182097 -0.746994 0.00306086 0.999628 0.0270914 0.747209 -0.0202909 0.664279 -9.21186 0.222288 19.732 1 
0.663967 0.0173799 -0.74756 0.00371972 0.999641 0.0265442 0.747753 -0.0204052 0.663664 -9.50672 0.237934 19.9641 1 
0.664548 0.0168329 -0.747056 0.00344791 0.999667 0.0255919 0.747238 -0.0195828 0.664268 -9.80163 0.25403 20.1899 1 
0.666629 0.0154471 -0.745229 0.00352356 0.999709 0.0238738 0.745381 -0.0185409 0.666381 -10.119 0.268898 20.455 1 
0.670206 0.013028 -0.74206 0.00352246 0.999779 0.020734 0.742166 -0.01651 0.670012 -10.431 0.276752 20.635 1 
0.675309 0.0105849 -0.737459 0.00372502 0.999835 0.017762 0.737526 -0.0147419 0.675158 -10.739 0.28522 20.8519 1 
0.68226 0.0100633 -0.73104 0.00361002 0.999847 0.0171327 0.731101 -0.014328 0.682119 -11.082 0.292993 21.096 1 
0.689429 0.0120109 -0.724254 0.00257408 0.999816 0.0190311 0.724349 -0.0149849 0.689271 -11.3861 0.299843 21.34 1 
0.698797 0.0151617 -0.71516 0.000213577 0.999771 0.0214043 0.71532 -0.01511 0.698633 -11.725 0.305358 21.5971 1 
0.70874 0.017728 -0.705247 -0.00208531 0.999732 0.023035 0.705466 -0.0148552 0.708588 -12.0299 0.308007 21.8259 1 
0.719461 0.0190709 -0.694271 -0.00301817 0.999699 0.024333 0.694526 -0.0154112 0.719302 -12.326 0.3091 22.0661 1 
0.731827 0.0192283 -0.68122 -0.00410073 0.999708 0.0238127 0.681479 -0.0146332 0.731692 -12.646 0.313431 22.334 1 
0.744172 0.0184387 -0.667733 -0.00489763 0.999743 0.0221485 0.66797 -0.013212 0.744071 -12.9261 0.321362 22.595 1 
0.757439 0.0188861 -0.652632 -0.00706054 0.99976 0.020737 0.652868 -0.0110991 0.757391 -13.2071 0.32844 22.839 1 
0.772204 0.0205502 -0.635043 -0.0108082 0.999757 0.0192098 0.635283 -0.00797016 0.772238 -13.5031 0.337823 23.125 1 
0.785333 0.0213068 -0.618707 -0.0132711 0.999757 0.0175841 0.618931 -0.00559841 0.785425 -13.7659 0.344721 23.3799 1 
0.798453 0.019327 -0.601746 -0.0121237 0.999798 0.0160249 0.601935 -0.00549975 0.798526 -14.0119 0.351558 23.6599 1 
0.81302 0.017975 -0.581958 -0.0118171 0.999827 0.0143728 0.582116 -0.00480827 0.813092 -14.2759 0.356983 23.9711 1 
0.82647 0.0178419 -0.562698 -0.0129991 0.999836 0.0126099 0.56283 -0.00310712 0.826567 -14.5119 0.360127 24.2559 1 
0.839628 0.0169402 -0.542897 -0.0132701 0.999855 0.0106758 0.543 -0.00175937 0.839731 -14.7439 0.363363 24.549 1 
0.854074 0.0147242 -0.519943 -0.0110808 0.999887 0.0101139 0.520033 -0.00287664 0.854141 -14.9901 0.365748 24.882 1 
0.866805 0.01223 -0.498498 -0.00834798 0.999915 0.0100159 0.498578 -0.00452041 0.866833 -15.2039 0.368728 25.2061 1 
0.879072 0.0110199 -0.476562 -0.00694985 0.999923 0.0103022 0.476639 -0.00574434 0.87908 -15.4121 0.370516 25.534 1 
0.891922 0.011561 -0.452041 -0.00782225 0.999918 0.0101389 0.452121 -0.00550714 0.89194 -15.634 0.372447 25.906 1 
0.902949 0.01362 -0.429531 -0.0104809 0.999898 0.0096732 0.429619 -0.00423254 0.903 -15.834 0.37265 26.238 1 
0.913376 0.0153219 -0.406828 -0.0123551 0.999874 0.00991865 0.406929 -0.00403307 0.913451 -16.0169 0.374782 26.595 1 
0.92398 0.0132568 -0.38221 -0.0102832 0.999899 0.00982192 0.382302 -0.00514493 0.924023 -16.204 0.378051 27.0011 1 
0.932918 0.0109349 -0.359922 -0.00802058 0.999922 0.00958962 0.359999 -0.00605955 0.932933 -16.3611 0.383254 27.3851 1 
0.941437 0.0115731 -0.33699 -0.00895241 0.999916 0.00932962 0.33707 -0.00576637 0.941462 -16.514 0.391796 27.7801 1 
0.950027 0.01383 -0.31186 -0.0116089 0.999892 0.00897762 0.311951 -0.00490863 0.950086 -16.672 0.40221 28.2252 1 
0.957064 0.014836 -0.289496 -0.012542 0.999874 0.0097777 0.289605 -0.00572701 0.957129 -16.8059 0.40791 28.6419 1 
0.963622 0.0168039 -0.26674 -0.0142151 0.999831 0.0116331 0.26689 -0.00741821 0.963698 -16.932 0.411736 29.0679 1 
0.970238 0.0205427 -0.241279 -0.0181563 0.999762 0.01211 0.24147 -0.00736885 0.97038 -17.062 0.420703 29.546 1 
0.975814 0.0238208 -0.217301 -0.0219282 0.999698 0.0111172 0.217501 -0.00608328 0.976041 -17.1661 0.436369 29.988 1 
0.980784 0.0271592 -0.1932 -0.0256869 0.999619 0.010122 0.193401 -0.00496477 0.981107 -17.271 0.452028 30.4299 1 
0.985273 0.0276181 -0.168741 -0.0263628 0.999606 0.00967588 0.168941 -0.00508491 0.985613 -17.3581 0.465037 30.8871 1 
0.989504 0.0286431 -0.141639 -0.0275672 0.999574 0.00955257 0.141852 -0.00554772 0.989872 -17.442 0.476974 31.4 1 
0.992759 0.0299389 -0.116331 -0.0289118 0.999527 0.0105069 0.11659 -0.00706746 0.993155 -17.513 0.480404 31.8772 1 
0.995496 0.0323127 -0.0891255 -0.03138 0.999437 0.0118471 0.0894581 -0.00899703 0.99595 -17.5759 0.484835 32.415 1 
0.99726 0.0343742 -0.0655013 -0.0335737 0.999348 0.0132833 0.0659152 -0.0110477 0.997764 -17.622 0.488214 32.9151 1 
0.998487 0.03543 -0.042043 -0.0348888 0.9993 0.0135377 0.0424932 -0.0120504 0.999024 -17.655 0.493866 33.4231 1 
0.999192 0.0366943 -0.0163949 -0.0364967 0.999259 0.0121931 0.0168302 -0.0115849 0.999791 -17.676 0.502489 33.992 1 
0.999285 0.0370508 0.00751303 -0.0371293 0.999254 0.0105878 -0.00711514 -0.0108592 0.999916 -17.6829 0.513136 34.5179 1 
0.998797 0.0376889 0.031382 -0.038008 0.999231 0.00963388 -0.0309948 -0.0108151 0.999461 -17.6769 0.527458 35.055 1 
0.997648 0.0387088 0.0565629 -0.0392493 0.999193 0.00847668 -0.0561891 -0.0106768 0.998363 -17.656 0.543524 35.6551 1 
0.996137 0.039524 0.0784091 -0.040219 0.999164 0.0073028 -0.0780549 -0.0104281 0.996895 -17.6209 0.555267 36.2092 1 
0.994201 0.0397859 0.0999075 -0.0407224 0.999143 0.00735124 -0.0995294 -0.0113771 0.99497 -17.575 0.563744 36.768 1 
0.991774 0.040186 0.121529 -0.0414819 0.999106 0.00815103 -0.121093 -0.0131252 0.992554 -17.5201 0.570168 37.3232 1 
0.988619 0.0402868 0.144948 -0.0420339 0.999076 0.00900975 -0.144451 -0.015 0.989398 -17.445 0.575633 37.933 1 
0.985383 0.0397221 0.165658 -0.041891 0.999076 0.00961803 -0.165123 -0.016417 0.986136 -17.3642 0.580444 38.4849 1 
0.981499 0.0388971 0.187473 -0.0414421 0.999094 0.00967344 -0.186927 -0.0172637 0.982222 -17.2589 0.585333 39.095 1 
0.977813 0.0386358 0.205888 -0.0413805 0.999103 0.00903997 -0.205354 -0.0173591 0.978534 -17.1521 0.590123 39.6462 1 
0.974023 0.0379279 0.223249 -0.0406944 0.999141 0.00780279 -0.222762 -0.0166851 0.97473 -17.0381 0.593825 40.187 1 
0.969862 0.0385423 0.240588 -0.0412259 0.999131 0.00612957 -0.240142 -0.0158633 0.970608 -16.9171 0.597846 40.723 1 
0.964813 0.0396442 0.25993 -0.0421822 0.999101 0.00419102 -0.25953 -0.015008 0.965618 -16.7731 0.600774 41.306 1 
0.960047 0.0393251 0.277061 -0.0416726 0.999128 0.00258739 -0.276718 -0.0140299 0.960849 -16.6279 0.602374 41.8399 1 
0.955003 0.0382483 0.294121 -0.0405762 0.999175 0.0018143 -0.293808 -0.013667 0.955767 -16.4741 0.602073 42.3688 1 
0.949003 0.0378282 0.312989 -0.040218 0.99919 0.00118054 -0.312691 -0.0137081 0.949756 -16.2971 0.597689 42.9479 1 
0.943197 0.0384549 0.330001 -0.0409708 0.99916 0.000669635 -0.329698 -0.014152 0.94398 -16.1329 0.589032 43.464 1 
0.937126 0.0384598 0.346867 -0.0411939 0.999151 0.000509355 -0.346553 -0.0147661 0.937914 -15.954 0.582483 43.9852 1 
0.93022 0.0361307 0.36522 -0.0389521 0.999241 0.000358 -0.36493 -0.0145591 0.930921 -15.744 0.574154 44.554 1 
0.923687 0.032249 0.381789 -0.0349778 0.999388 0.000207591 -0.381549 -0.0135459 0.924249 -15.5379 0.567991 45.0709 1 
0.916981 0.0271222 0.398008 -0.029843 0.999554 0.000641655 -0.397813 -0.0124662 0.917382 -15.3241 0.560255 45.5802 1 
0.909751 0.0216097 0.414591 -0.0241972 0.999707 0.000989188 -0.414448 -0.0109319 0.910007 -15.078 0.553139 46.1368 1 
0.903514 0.0159251 0.428263 -0.018226 0.999833 0.00127269 -0.428171 -0.00895544 0.903653 -14.84 0.548171 46.6442 1 
0.898843 0.00989003 0.438159 -0.011883 0.999928 0.00180665 -0.43811 -0.00683053 0.898895 -14.5941 0.540837 47.1478 1 
0.895242 0.00337133 0.445568 -0.00418 0.999991 0.00083222 -0.445561 -0.00260751 0.895248 -14.3101 0.536991 47.706 1 
0.892921 -0.00104841 0.450212 0.00126049 0.999999 -0.000171267 -0.450211 0.000720415 0.892922 -14.063 0.52494 48.2011 1 
0.891681 -0.00534528 0.452633 0.00684315 0.999975 -0.00167189 -0.452613 0.00458823 0.891695 -13.8059 0.518608 48.7023 1 
0.89179 -0.00904091 0.45236 0.01159 0.999929 -0.00286405 -0.452301 0.00779698 0.891831 -13.544 0.513167 49.2091 1 
0.893045 -0.0129998 0.449779 0.0160351 0.999867 -0.00293913 -0.449681 0.00983701 0.893135 -13.2569 0.504884 49.7702 1 
0.895581 -0.0148721 0.44465 0.016745 0.99986 -0.000284535 -0.444584 0.0077005 0.895704 -12.994 0.498285 50.2873 1 
0.899128 -0.0174238 0.437338 0.0176052 0.999838 0.0036393 -0.437331 0.00442723 0.89929 -12.74 0.490221 50.791 1 
0.903877 -0.0218077 0.427236 0.0202142 0.999762 0.00826569 -0.427314 0.00116505 0.904103 -12.4571 0.484755 51.3632 1 
0.908982 -0.0275833 0.415922 0.0248878 0.999619 0.0119019 -0.416092 -0.000467216 0.909323 -12.204 0.478291 51.8852 1 
0.914762 -0.0269681 0.403091 0.0234742 0.999632 0.0136069 -0.403309 -0.00298486 0.915059 -11.956 0.479841 52.4209 1 
0.920827 -0.024172 0.389221 0.0207559 0.9997 0.0129801 -0.389418 -0.00387379 0.921053 -11.7008 0.484438 53.0131 1 
0.926511 -0.0216833 0.375642 0.0188158 0.999759 0.0113009 -0.375796 -0.00340242 0.926696 -11.474 0.489642 53.5577 1 
0.932 -0.0229442 0.36173 0.020675 0.999735 0.010143 -0.361867 -0.00197456 0.932228 -11.249 0.492706 54.1118 1 
0.937503 -0.02172 0.347299 0.0199711 0.999763 0.00861487 -0.347404 -0.00114051 0.937715 -11.0211 0.495768 54.7334 1 
0.942271 -0.0193828 0.334289 0.0178922 0.999812 0.00753791 -0.334372 -0.00112159 0.942441 -10.8181 0.50122 55.3071 1 
0.947014 -0.0165708 0.320765 0.0150753 0.999861 0.00714545 -0.320838 -0.00193122 0.947132 -10.6249 0.50309 55.8821 1 
0.951241 -0.0154674 0.30806 0.0135627 0.999873 0.00832342 -0.30815 -0.00373947 0.95133 -10.433 0.504387 56.47 1 
0.955468 -0.0152479 0.294699 0.0127052 0.999864 0.0105409 -0.29482 -0.00632727 0.955532 -10.23 0.50506 57.1241 1 
0.959192 -0.0141166 0.282403 0.0107925 0.999853 0.0133232 -0.282549 -0.00973169 0.959203 -10.0499 0.507789 57.7272 1 
0.962744 -0.013192 0.270094 0.00930203 0.999834 0.0156773 -0.270256 -0.0125808 0.962706 -9.86179 0.511723 58.3967 1 
0.965624 -0.0120119 0.259665 0.00839134 0.999852 0.0150472 -0.259807 -0.012351 0.965582 -9.68813 0.523125 59.012 1 
0.968287 -0.0107339 0.24961 0.00778299 0.999888 0.012806 -0.24972 -0.0104571 0.968262 -9.51972 0.535845 59.6331 1 
0.970566 -0.00841965 0.240688 0.00639574 0.999937 0.0091888 -0.24075 -0.00737895 0.970559 -9.35841 0.552271 60.26 1 
0.972657 -0.00711659 0.232139 0.00604526 0.999968 0.00532607 -0.232169 -0.0037771 0.972668 -9.18678 0.568068 60.9509 1 
0.974291 -0.00799419 0.225151 0.00712454 0.999964 0.00467477 -0.22518 -0.00295049 0.974313 -9.03358 0.576835 61.5852 1 
0.85529 2.0727e-18 -0.51815 -9.4173e-19 1 2.44571e-18 0.51815 -1.60383e-18 0.85529 -4.5523 1.8585 13.41 1 
0.843785 -0.000338638 -0.536681 0.00280394 0.999989 0.00377746 0.536674 -0.00469219 0.843776 -4.86241 1.81647 13.8322 1 
0.833831 -0.000262231 -0.55202 0.00877255 0.99988 0.012776 0.55195 -0.0154957 0.833733 -5.12169 1.85354 14.2294 1 
0.823567 0.00343439 -0.567209 0.0105853 0.999714 0.0214227 0.567121 -0.0236471 0.823295 -5.36645 1.86908 14.6383 1 
0.812045 0.00403271 -0.583581 0.010894 0.999697 0.0220671 0.583494 -0.024277 0.811755 -5.62892 1.87932 15.0761 1 
0.801017 0.00505515 -0.59862 0.00922409 0.999741 0.0207853 0.59857 -0.0221711 0.800764 -5.90539 1.86351 15.4741 1 
0.792595 0.00269386 -0.609743 0.0106987 0.999775 0.0183241 0.609655 -0.021047 0.792388 -6.2097 1.80876 15.8335 1 
0.783447 0.00379193 -0.621447 0.00792385 0.999839 0.0160903 0.621408 -0.0175301 0.783291 -6.53071 1.79179 16.2158 1 
0.775264 0.00575963 -0.631612 0.00457745 0.999881 0.0147364 0.631621 -0.0143157 0.775145 -6.82117 1.80069 16.5585 1 
0.767044 0.0100801 -0.641515 0.000645405 0.999864 0.0164824 0.641594 -0.0130568 0.766933 -7.11005 1.8043 16.9183 1 
0.75796 0.00817861 -0.652249 -0.00177767 0.999944 0.0104726 0.652298 -0.00677834 0.757932 -7.44075 1.8069 17.2981 1 
0.74824 0.00590753 -0.663402 -0.000265269 0.999963 0.00860539 0.663428 -0.00626292 0.748214 -7.73319 1.78964 17.6421 1 
0.738943 0.00375336 -0.673758 0.00496208 0.999927 0.0110125 0.67375 -0.0114809 0.73887 -8.0129 1.84721 17.9817 1 
0.728655 0.004255 -0.684868 0.00716713 0.999879 0.0138375 0.684844 -0.0149913 0.728536 -8.3054 1.88445 18.3459 1 
0.718499 0.00268966 -0.695523 0.00787455 0.999897 0.0120014 0.695483 -0.0140999 0.718404 -8.61332 1.84565 18.6711 1 
0.708287 0.00210881 -0.705921 0.00768625 0.999913 0.0106991 0.705882 -0.0130039 0.70821 -8.92398 1.80609 18.9852 1 
0.704488 0.00595481 -0.709691 0.007691 0.999842 0.016024 0.709674 -0.016747 0.704331 -9.22436 1.7471 19.3238 1 
0.701279 0.00698202 -0.712853 0.0037682 0.999902 0.0135005 0.712877 -0.0121538 0.701184 -9.50671 1.77069 19.6519 1 
0.697768 0.00568033 -0.716301 -0.000905048 0.999975 0.00704825 0.716323 -0.00426976 0.697756 -9.79008 1.76787 19.9972 1 
0.693873 0.00259379 -0.720092 -0.0028257 0.999996 0.000879194 0.720092 0.00142472 0.693878 -10.0961 1.77518 20.3248 1 
0.688784 -0.00508488 -0.724948 -0.000944663 0.999968 -0.00791145 0.724966 0.00613411 0.688758 -10.4517 1.75442 20.6574 1 
0.694582 -0.00574503 -0.71939 0.00124423 0.999976 -0.00678446 0.719412 0.00381728 0.694573 -10.7141 1.73513 20.9837 1 
0.699443 -0.0022993 -0.714685 0.00213588 0.999997 -0.00112689 0.714685 -0.000738283 0.699446 -11.0025 1.75099 21.3223 1 
0.705096 0.000961447 -0.709111 0.00277361 0.999988 0.00411373 0.709107 -0.00486737 0.705085 -11.2785 1.74373 21.6368 1 
0.71075 0.00073268 -0.703445 0.00205723 0.999993 0.00312015 0.703442 -0.0036648 0.710743 -11.5617 1.71861 21.962 1 
0.716901 0.0011 -0.697174 0.00209624 0.999991 0.00373333 0.697172 -0.00413787 0.716892 -11.8381 1.72855 22.2961 1 
0.727346 0.00823817 -0.686221 0.00217547 0.999895 0.0143097 0.686267 -0.011901 0.727252 -12.1121 1.6705 22.643 1 
0.739001 0.0111481 -0.673612 0.00483137 0.99975 0.0218459 0.673687 -0.0193986 0.738762 -12.3603 1.67004 22.9806 1 
0.750943 0.00633886 -0.660337 0.0106082 0.999709 0.0216604 0.660282 -0.0232708 0.750657 -12.6104 1.7099 23.331 1 
0.761175 6.79257e-05 -0.648546 0.0148215 0.999737 0.0175001 0.648377 -0.022933 0.760974 -12.897 1.64174 23.7079 1 
0.772069 -0.00245293 -0.635534 0.0162713 0.999741 0.0159083 0.63533 -0.0226233 0.771909 -13.1568 1.65999 24.0661 1 
0.794457 0.00419466 -0.607306 0.00795216 0.999819 0.0173085 0.607268 -0.0185803 0.79428 -13.3568 1.65699 24.4755 1 
0.809006 0.00794767 -0.587746 0.00280913 0.999845 0.0173868 0.587793 -0.0157171 0.808859 -13.5577 1.64773 24.8503 1 
0.824263 0.00523881 -0.566182 0.00547124 0.999837 0.0172166 0.56618 -0.0172887 0.8241 -13.7381 1.65732 25.2521 1 
0.837092 0.00100805 -0.54706 0.0109006 0.999769 0.0185219 0.546953 -0.0214679 0.836888 -13.9236 1.63337 25.6289 1 
0.858548 0.00105391 -0.512733 0.0121588 0.999675 0.0224141 0.51259 -0.0254778 0.858256 -14.1167 1.71427 26.0027 1 
0.87416 0.00571939 -0.485605 0.00828272 0.99961 0.0266834 0.485568 -0.0273477 0.873771 -14.2631 1.75981 26.404 1 
0.889012 0.00562187 -0.45785 0.00722968 0.999628 0.0263122 0.457827 -0.026702 0.88864 -14.4244 1.72112 26.8294 1 
0.89843 0.00409931 -0.439098 0.00688124 0.999702 0.0234125 0.439063 -0.024056 0.898134 -14.5681 1.71807 27.2544 1 
0.90796 0.00384896 -0.419038 0.00598293 0.999737 0.0221465 0.419013 -0.0226152 0.907698 -14.6893 1.74219 27.6624 1 
0.916539 0.00142601 -0.399944 0.0079661 0.99973 0.0218202 0.399867 -0.0231851 0.91628 -14.8448 1.7715 28.065 1 
0.923422 -0.00349192 -0.38377 0.0124217 0.999707 0.0207925 0.383585 -0.0239673 0.923195 -14.9759 1.77992 28.4809 1 
0.930686 -0.00749249 -0.365742 0.0148739 0.999739 0.0173687 0.365516 -0.0216048 0.930554 -15.0801 1.75665 28.8894 1 
0.93747 -0.00428234 -0.348039 0.00985638 0.99985 0.0142466 0.347926 -0.0167862 0.937372 -15.2027 1.77579 29.2866 1 
0.941186 -0.00011129 -0.33789 0.00526033 0.999884 0.0143232 0.337849 -0.0152582 0.941077 -15.3395 1.79567 29.7299 1 
0.945286 0.000377349 -0.326243 0.00517548 0.999856 0.0161524 0.326202 -0.0169571 0.945148 -15.4498 1.86246 30.1769 1 
0.949526 2.00172e-05 -0.313688 0.00609827 0.99981 0.0185231 0.313629 -0.0195011 0.949345 -15.5053 1.91236 30.605 1 
0.953007 -0.000714465 -0.302947 0.007012 0.999781 0.0197004 0.302866 -0.0208989 0.952804 -15.6281 1.93659 31.036 1 
0.957091 0.000979401 -0.289785 0.00529633 0.999768 0.0208715 0.289738 -0.0215107 0.956864 -15.7049 1.9636 31.4517 1 
0.961102 0.00317092 -0.276175 0.00306853 0.99975 0.0221573 0.276177 -0.0221429 0.960852 -15.7907 1.99898 31.8724 1 
0.964467 0.00570814 -0.264142 0.000267558 0.999745 0.0225816 0.264203 -0.0218499 0.964219 -15.9377 2.0158 32.3345 1 
0.968857 0.00692088 -0.247524 -0.00129343 0.999737 0.0228903 0.247617 -0.0218573 0.968611 -15.9876 2.04334 32.7727 1 
0.973151 0.00787147 -0.230035 -0.00274402 0.999741 0.0226013 0.230153 -0.0213633 0.97292 -16.0422 2.0542 33.2082 1 
0.976784 0.00949376 -0.214018 -0.00486647 0.999743 0.0221376 0.214173 -0.0205821 0.976579 -16.1637 2.05807 33.6516 1 
0.98061 0.0113188 -0.195643 -0.00709085 0.999726 0.0222975 0.195841 -0.0204778 0.980422 -16.2272 2.0652 34.1076 1 
0.984178 0.0124878 -0.176742 -0.00868791 0.999715 0.0222575 0.176969 -0.0203698 0.984006 -16.2961 2.08717 34.5769 1 
0.98818 0.0132192 -0.152728 -0.0100073 0.999713 0.0217798 0.152972 -0.019994 0.988028 -16.3942 2.10856 35.0439 1 
0.99209 0.0139822 -0.12475 -0.0113206 0.999693 0.0220184 0.125019 -0.0204319 0.991944 -16.4061 2.13708 35.5061 1 
0.995318 0.015536 -0.0954007 -0.013484 0.999664 0.022117 0.0957123 -0.020727 0.995193 -16.4049 2.17054 35.9759 1 
0.997761 0.0167643 -0.0647488 -0.0153862 0.999646 0.0217247 0.0650901 -0.0206798 0.997665 -16.3822 2.19025 36.4827 1 
0.999297 0.0170638 -0.0333728 -0.0163859 0.999656 0.020482 0.0337108 -0.0199208 0.999233 -16.3857 2.19296 37.0228 1 
0.999827 0.0175743 -0.00611243 -0.0174515 0.999656 0.0196043 0.00645485 -0.0194942 0.999789 -16.3693 2.20285 37.5498 1 
0.999574 0.0182472 0.0227951 -0.018695 0.999633 0.0195894 -0.0224293 -0.0200072 0.999548 -16.331 2.22925 38.0701 1 
0.998422 0.0182098 0.0531165 -0.0192584 0.999628 0.0192982 -0.0527454 -0.0202907 0.998402 -16.2979 2.24819 38.6232 1 
0.996188 0.0173798 0.0854858 -0.0190575 0.999641 0.0188478 -0.0851275 -0.0204051 0.996161 -16.1922 2.25651 39.1826 1 
0.992709 0.0168329 0.119354 -0.0190473 0.999667 0.0174366 -0.119021 -0.0195828 0.992699 -16.0545 2.24905 39.7478 1 
0.98945 0.0154471 0.144046 -0.0179548 0.999709 0.0161247 -0.143755 -0.0185409 0.98944 -15.963 2.25266 40.3574 1 
0.985248 0.0130281 0.170634 -0.0156529 0.999779 0.0140463 -0.170413 -0.01651 0.985234 -15.8252 2.22368 40.891 1 
0.982221 0.010585 0.18743 -0.0131596 0.999835 0.0124975 -0.187267 -0.0147418 0.982198 -15.7165 2.20291 41.4384 1 
0.978351 0.0100632 0.206709 -0.0128068 0.999847 0.0119393 -0.206557 -0.0143281 0.97833 -15.5812 2.21893 42.0174 1 
0.973984 0.012011 0.226297 -0.0150895 0.999816 0.0118792 -0.226113 -0.0149848 0.973986 -15.3883 2.26666 42.5871 1 
0.969206 0.0151618 0.245783 -0.0184096 0.999771 0.0109215 -0.245561 -0.0151099 0.969263 -15.2595 2.26613 43.181 1 
0.96378 0.017728 0.26611 -0.021041 0.999732 0.00960374 -0.265869 -0.0148551 0.963895 -15.0681 2.24916 43.7422 1 
0.957566 0.0190708 0.287583 -0.0226963 0.999699 0.00927782 -0.28732 -0.0154112 0.957711 -14.8321 2.24203 44.3072 1 
0.950079 0.0192281 0.311416 -0.0228284 0.999708 0.00791958 -0.311172 -0.0146334 0.950241 -14.6266 2.25728 44.9193 1 
0.941916 0.0184388 0.335343 -0.0218012 0.999743 0.00626479 -0.335141 -0.0132118 0.942075 -14.3641 2.25868 45.5147 1 
0.941723 0.0188861 0.33586 -0.0215166 0.99976 0.00411218 -0.335702 -0.0110991 0.941903 -14.2006 2.2521 46.1411 1 
0.940533 0.02055 0.339081 -0.0220351 0.999757 0.000530048 -0.338988 -0.00797022 0.940757 -13.968 2.22057 46.8049 1 
0.940038 0.0213068 0.340404 -0.02194 0.999757 -0.00198943 -0.340364 -0.00559832 0.940277 -13.7356 2.20143 47.4245 1 
0.939427 0.0193272 0.342205 -0.0200423 0.999798 -0.00144635 -0.342164 -0.00549984 0.939624 -13.4637 2.23601 48.0534 1 
0.937716 0.0179749 0.346937 -0.0185266 0.999827 -0.00172681 -0.346908 -0.0048083 0.937887 -13.1171 2.25419 48.7006 1 
0.937262 0.0178418 0.34817 -0.0178072 0.999836 -0.00329988 -0.348172 -0.00310707 0.937425 -12.9226 2.24301 49.3396 1 
0.936719 0.0169401 0.349672 -0.0164858 0.999855 -0.00427577 -0.349694 -0.00175943 0.936862 -12.7 2.24105 49.9793 1 
0.935006 0.0147242 0.354326 -0.0147882 0.999887 -0.00252736 -0.354323 -0.00287674 0.935119 -12.4346 2.24588 50.6561 1 
0.934058 0.01223 0.356913 -0.0130379 0.999915 -0.000142375 -0.356884 -0.00452039 0.934138 -12.1752 2.26949 51.3191 1 
0.933009 0.01102 0.359684 -0.0123486 0.999923 0.00139625 -0.359641 -0.00574429 0.933073 -11.8827 2.27938 51.9789 1 
0.934668 0.0115609 0.355333 -0.0127633 0.999918 0.00103984 -0.355291 -0.00550712 0.934739 -11.673 2.27822 52.7105 1 
0.937205 0.0136201 0.348513 -0.0142412 0.999898 -0.000779647 -0.348488 -0.00423257 0.937304 -11.487 2.24055 53.4121 1 
0.939719 0.0153219 0.341604 -0.0157779 0.999874 -0.0014438 -0.341583 -0.00403303 0.939843 -11.2663 2.23329 54.1349 1 
0.941622 0.0132568 0.336411 -0.0142149 0.999899 0.000385314 -0.336372 -0.00514487 0.941715 -10.9838 2.28063 54.8907 1 
0.944416 0.0109349 0.328572 -0.0123188 0.999922 0.00213032 -0.328523 -0.00605951 0.944476 -10.7283 2.32919 55.6347 1 
0.948199 0.0115731 0.317467 -0.012805 0.999916 0.00179419 -0.31742 -0.00576643 0.948268 -10.6063 2.33873 56.3492 1 
0.951187 0.01383 0.308306 -0.0146697 0.999892 0.000405686 -0.308267 -0.00490865 0.951287 -10.4058 2.32222 57.1056 1 
0.955023 0.014836 0.29616 -0.0158666 0.999874 0.00107637 -0.296107 -0.005727 0.955138 -10.2545 2.35715 57.852 1 
0.958623 0.0168039 0.284183 -0.0182192 0.999831 0.00233731 -0.284096 -0.00741817 0.958767 -10.0673 2.40904 58.6058 1 
0.961317 0.0205427 0.274677 -0.0217766 0.999762 0.00144307 -0.274582 -0.00736878 0.961535 -9.78292 2.39902 59.3984 1 
0.962156 0.0238208 0.271457 -0.0245777 0.999698 -0.0006117 -0.27139 -0.00608324 0.96245 -9.58213 2.42596 60.177 1 
0.962976 0.0271592 0.268217 -0.0274956 0.999619 -0.00250263 -0.268182 -0.00496481 0.963355 -9.36067 2.45412 60.9577 1 
0.963783 0.0276181 0.265255 -0.0279775 0.999606 -0.00242401 -0.265218 -0.00508497 0.964175 -9.24259 2.4554 61.6469 1 
0.963892 0.0286431 0.264747 -0.0290897 0.999574 -0.00223438 -0.264698 -0.00554771 0.964315 -9.02333 2.45864 62.3782 1 
0.964496 0.0299389 0.262395 -0.0307443 0.999527 -0.00103649 -0.262302 -0.00706748 0.96496 -8.83181 2.48488 63.0946 1 
0.968779 0.0323127 0.24581 -0.0335328 0.999437 0.000778619 -0.245646 -0.00899701 0.969318 -8.62778 2.5051 63.8662 1 
0.973613 0.0343742 0.225604 -0.0359803 0.999348 0.00300994 -0.225353 -0.0110478 0.974215 -8.50353 2.53441 64.6411 1 
0.978098 0.03543 0.20511 -0.037148 0.9993 0.00453022 -0.204805 -0.0120504 0.978729 -8.35583 2.54192 65.4377 1 
0.973981 0.0366943 0.223638 -0.0383556 0.999259 0.00308749 -0.223359 -0.0115849 0.974667 -8.18686 2.50089 66.2166 1 
0.969967 0.0370508 0.2404 -0.0385747 0.999254 0.00163491 -0.24016 -0.0108592 0.970673 -8.04489 2.46322 66.9818 1 
0.973178 0.0376889 0.226945 -0.0391598 0.999231 0.00198106 -0.226696 -0.010815 0.973906 -7.88715 2.47418 67.6938 1 
0.975902 0.0387088 0.214747 -0.0400984 0.999193 0.00211677 -0.214492 -0.0106768 0.976667 -7.65595 2.47751 68.466 1 
0.979147 0.039524 0.199273 -0.0408093 0.999164 0.00234483 -0.199014 -0.0104281 0.979941 -7.50497 2.47866 69.2365 1 
0.982224 0.0397859 0.18345 -0.0411975 0.999143 0.00388851 -0.183138 -0.0113771 0.983021 -7.33997 2.52176 70.0235 1 
0.980616 0.040186 0.191776 -0.0419567 0.999106 0.00517933 -0.191397 -0.0131252 0.981425 -7.2455 2.58514 70.7296 1 
0.978571 0.0402868 0.20193 -0.042485 0.999076 0.00656157 -0.201479 -0.015 0.979378 -7.05654 2.65242 71.4854 1 
0.977011 0.0397221 0.209456 -0.0422784 0.999076 0.00773946 -0.208955 -0.016417 0.977787 -6.93984 2.71485 72.2246 1 
0.975142 0.0388971 0.218138 -0.0417249 0.999094 0.00837003 -0.217615 -0.0172637 0.975882 -6.74579 2.7591 73.0231 1 
0.973936 0.0386358 0.223508 -0.041537 0.999103 0.00829139 -0.222987 -0.0173591 0.974667 -6.65091 2.77696 73.8126 1 
0.972947 0.0379279 0.227893 -0.0407311 0.999141 0.00760858 -0.227409 -0.0166851 0.973656 -6.5714 2.77307 74.6163 1 
0.971876 0.0385423 0.232319 -0.0411722 0.999131 0.00648043 -0.231868 -0.0158633 0.972618 -6.46792 2.7499 75.4271 1 
0.970251 0.0396442 0.238835 -0.0420808 0.999101 0.00510963 -0.238417 -0.015008 0.971047 -6.25178 2.71526 76.2737 1 
0.97253 0.0393251 0.22943 -0.0414946 0.999128 0.00463713 -0.229048 -0.0140299 0.973314 -6.17901 2.69379 77.0143 1 
0.974745 0.0382483 0.22002 -0.0403176 0.999175 0.00492055 -0.21965 -0.013667 0.975483 -6.08799 2.69946 77.7615 1 
0.976419 0.0378282 0.212546 -0.0398769 0.99919 0.00535881 -0.212171 -0.0137081 0.977136 -5.89 2.70517 78.5511 1 
0.978369 0.0384549 0.203263 -0.040528 0.99916 0.00604494 -0.20286 -0.014152 0.979106 -5.75538 2.71263 79.3088 1 
0.980264 0.0384598 0.193918 -0.0405922 0.999151 0.00703339 -0.193483 -0.0147661 0.980993 -5.59703 2.73483 80.0842 1 
0.981842 0.0361307 0.186226 -0.0382089 0.999241 0.0075813 -0.185811 -0.0145592 0.982478 -5.33744 2.74701 80.9021 1 
0.981153 0.032249 0.19052 -0.0342382 0.999388 0.00715771 -0.190173 -0.0135459 0.981657 -5.21157 2.75185 81.6312 1 
0.980519 0.0271222 0.194542 -0.0290285 0.999554 0.00695436 -0.194266 -0.0124661 0.98087 -5.07849 2.76468 82.3701 1 
0.979742 0.0216097 0.199096 -0.0233531 0.999707 0.00641231 -0.198899 -0.0109319 0.979959 -4.88327 2.76328 83.1653 1 
0.979538 0.0159251 0.200629 -0.0173978 0.999833 0.0055791 -0.200507 -0.00895544 0.979651 -4.79921 2.75018 83.9556 1 
0.980118 0.00989004 0.198169 -0.0110474 0.999928 0.00473543 -0.198108 -0.00683053 0.980156 -4.85071 2.7315 84.7969 1 
0.977922 0.00337133 0.208943 -0.00384173 0.999991 0.00184555 -0.208935 -0.00260751 0.977926 -4.55872 2.63655 85.6027 1 
0.976234 -0.00104841 0.216718 0.00117962 0.999999 -0.000476083 -0.216717 0.000720413 0.976234 -4.41128 2.54496 86.3758 1 
0.975017 -0.00534529 0.222066 0.00623068 0.999975 -0.00328672 -0.222043 0.00458823 0.975026 -4.34593 2.43397 87.1807 1 
0.974438 -0.00904091 0.224477 0.0105603 0.999929 -0.00556879 -0.22441 0.00779698 0.974464 -4.12877 2.33523 87.9798 1 
0.975051 -0.0129998 0.2216 0.0148562 0.999867 -0.00671237 -0.221483 0.00983703 0.975115 -4.13214 2.27963 88.7263 1 
0.976293 -0.0148721 0.21594 0.0161839 0.99986 -0.00430786 -0.215846 0.00770048 0.976397 -3.88719 2.32598 89.4401 1 
0.977991 -0.0174238 0.207918 0.0179635 0.999838 -0.000707905 -0.207872 0.00442726 0.978146 -3.74935 2.42078 90.1603 1 
0.980181 -0.0218077 0.1969 0.0216101 0.999762 0.00315243 -0.196922 0.00116507 0.980419 -3.70964 2.53215 90.9756 1 
0.980182 -0.0275833 0.196168 0.0269552 0.999619 0.00587137 -0.196256 -0.000467253 0.980553 -3.52948 2.58796 91.685 1 
0.980663 -0.0269681 0.193838 0.0258771 0.999632 0.00815857 -0.193986 -0.00298486 0.981 -3.41126 2.63017 92.4241 1 
0.981397 -0.024172 0.190461 0.0229908 0.9997 0.00840908 -0.190607 -0.00387379 0.981659 -3.32864 2.59166 93.2366 1 
0.982025 -0.0216833 0.187501 0.0206602 0.999759 0.00740944 -0.187616 -0.00340245 0.982237 -3.08739 2.61021 93.9721 1 
0.982603 -0.0229442 0.184297 0.0221869 0.999735 0.00617088 -0.184389 -0.00197456 0.982851 -2.86926 2.61874 94.7287 1 
0.98278 -0.02172 0.183497 0.0211417 0.999763 0.00510789 -0.183564 -0.00114051 0.983007 -2.70991 2.57565 95.5633 1 
0.982683 -0.0193828 0.184276 0.018844 0.999812 0.00467503 -0.184332 -0.00112157 0.982863 -2.51273 2.56021 96.3418 1 
0.982678 -0.0165708 0.184577 0.0159294 0.999861 0.00495728 -0.184633 -0.00193121 0.982806 -2.34779 2.5712 97.1329 1 
0.983125 -0.0154674 0.182281 0.0145263 0.999873 0.006497 -0.182358 -0.00373949 0.983225 -2.19127 2.5464 97.8868 1 
0.983665 -0.0152479 0.179361 0.0138652 0.999864 0.00896049 -0.179473 -0.00632726 0.983743 -2.05442 2.56107 98.7166 1 
0.984003 -0.0141166 0.177594 0.0121629 0.999853 0.0120851 -0.177738 -0.00973167 0.98403 -1.89954 2.6676 99.4914 1 
0.984327 -0.013192 0.175857 0.0107725 0.999834 0.0147057 -0.176022 -0.0125808 0.984306 -1.73897 2.75501 100.338 1 
0.984302 -0.0120119 0.176083 0.00964817 0.999852 0.014274 -0.176228 -0.012351 0.984272 -1.51204 2.72004 101.129 1 
0.984202 -0.0107339 0.176721 0.00871613 0.999888 0.01219 -0.176832 -0.0104571 0.984186 -1.2754 2.61517 101.93 1 
0.983898 -0.00841965 0.178533 0.00696667 0.999937 0.00876385 -0.178596 -0.00737895 0.983895 -1.17056 2.5601 102.659 1 
0.983504 -0.00711659 0.180745 0.0063166 0.999968 0.00500129 -0.180774 -0.0037771 0.983517 -1.04086 2.49003 103.451 1 
0.982791 -0.00799419 0.184548 0.00731229 0.999964 0.00437525 -0.184577 -0.00295049 0.982814 -0.865081 2.54886 104.172 1 
